Age	Haul	TotalLength
0	529	70
3	529	145
3	529	150
2	529	150
3	529	150
3	529	150
5	529	155
4	529	155
4	529	155
3	529	155
2	529	155
4	529	160
3	529	160
6	529	160
2	529	160
7	529	160
4	529	165
6	529	165
5	529	165
8	529	165
4	529	165
3	529	170
6	529	170
6	529	170
6	529	170
6	529	170
6	529	175
8	529	175
5	529	175
6	529	175
6	529	175
5	529	180
6	529	180
7	529	180
8	529	180
7	529	180
8	529	185
7	529	185
6	529	185
7	529	185
9	529	185
7	529	190
8	529	190
9	529	190
9	529	190
7	529	190
11	529	195
10	529	195
9	529	195
9	529	195
8	529	195
11	529	200
11	529	200
8	529	200
9	529	200
15	529	200
13	529	205
17	529	205
9	529	205
9	529	205
14	529	210
11	529	210
10	529	210
14	529	215
13	529	215
11	529	220
12	529	225
15	529	235
11	529	240
3	531	145
2	531	145
3	531	150
9	531	210
10	531	210
11	531	215
15	531	215
12	531	215
13	531	220
3	532	145
3	532	145
2	532	145
1	532	145
4	532	145
3	532	150
4	532	150
2	532	150
2	532	150
3	532	150
4	532	155
4	532	155
3	532	155
4	532	155
3	532	160
7	532	160
4	532	160
3	532	160
3	532	160
5	532	165
4	532	165
4	532	165
4	532	165
6	532	165
4	532	170
5	532	170
5	532	170
5	532	170
7	532	170
6	532	175
6	532	175
4	532	175
5	532	175
9	532	175
7	532	180
8	532	180
5	532	180
9	532	180
6	532	180
6	532	185
8	532	185
8	532	185
7	532	185
9	532	185
9	532	190
9	532	190
14	532	190
6	532	190
10	532	190
9	532	195
10	532	195
9	532	195
8	532	195
14	532	195
11	532	200
7	532	200
11	532	200
11	532	200
6	532	200
14	532	205
9	532	205
8	532	210
11	532	210
12	532	210
13	532	210
12	532	215
15	532	215
10	532	215
17	532	235
1	535	130
4	535	140
11	535	195
10	535	205
8	535	205
10	535	210
13	535	210
14	535	215
0	533	55
0	533	70
1	533	135
2	533	135
3	533	140
3	533	140
2	533	140
2	533	140
3	533	145
2	533	145
3	533	145
3	533	145
2	533	145
7	533	150
2	533	150
2	533	150
2	533	150
3	533	150
3	533	155
3	533	155
1	533	155
4	533	155
6	533	155
8	533	160
4	533	160
7	533	160
2	533	160
6	533	160
5	533	165
4	533	165
5	533	165
5	533	165
5	533	165
4	533	170
5	533	170
5	533	170
4	533	170
6	533	170
8	533	175
7	533	175
6	533	175
5	533	175
6	533	175
6	533	180
8	533	180
4	533	180
5	533	180
9	533	180
14	533	185
10	533	185
7	533	185
5	533	185
9	533	185
7	533	190
7	533	190
13	533	190
9	533	190
6	533	195
14	533	195
7	533	195
13	533	200
8	533	200
10	533	200
7	533	200
8	533	200
12	533	205
13	533	205
9	533	205
11	533	210
10	533	210
9	533	215
10	533	215
11	533	215
11	533	220
11	533	220
14	533	225
14	533	230
0	534	65
0	534	65
0	534	75
1	534	125
1	534	125
1	534	125
1	534	125
1	534	130
1	534	130
1	534	130
1	534	130
1	534	130
1	534	135
1	534	135
1	534	135
2	534	140
9	534	195
11	534	205
20	534	205
11	534	210
9	534	210
14	534	220
10	534	220
9	534	225
13	534	225
14	534	235
4	536	140
3	536	145
4	536	145
3	536	150
3	536	150
5	536	150
4	536	150
3	536	150
5	536	155
4	536	155
5	536	155
3	536	155
4	536	155
6	536	160
6	536	160
6	536	160
4	536	160
6	536	160
5	536	165
6	536	165
5	536	165
6	536	165
6	536	165
6	536	170
6	536	170
4	536	170
7	536	170
6	536	170
7	536	175
8	536	175
8	536	175
7	536	175
6	536	175
8	536	180
5	536	180
7	536	180
5	536	180
7	536	180
6	536	185
6	536	185
9	536	185
9	536	185
7	536	185
8	536	190
11	536	190
10	536	190
16	536	190
5	536	190
9	536	195
7	536	195
8	536	195
14	536	195
10	536	195
12	536	200
13	536	200
10	536	200
8	536	200
7	536	200
16	536	205
9	536	205
16	536	205
10	536	205
9	536	205
9	536	210
11	536	210
14	536	210
13	536	210
14	536	210
16	536	215
14	536	215
12	536	215
15	536	215
17	536	215
12	536	220
15	536	220
12	536	220
11	536	230
14	536	230
11	536	235
15	536	245
3	537	145
4	537	145
2	537	145
12	537	220
10	537	225
1	538	120
1	538	125
1	538	125
1	538	125
1	538	130
1	538	130
1	538	130
1	538	130
2	538	130
1	538	135
1	538	135
1	538	135
2	538	135
1	538	135
2	538	140
2	538	140
1	538	140
4	538	140
2	538	140
2	538	145
3	538	145
2	538	145
2	538	145
2	538	145
2	538	150
2	538	150
3	538	150
3	538	150
3	538	150
3	538	155
2	538	155
2	538	155
2	538	155
2	538	155
2	538	160
2	538	160
3	538	160
3	538	160
3	538	160
5	538	165
5	538	165
6	538	165
6	538	165
2	538	165
3	538	170
7	538	170
3	538	170
4	538	170
7	538	170
8	538	175
6	538	190
8	538	190
14	538	200
12	538	200
6	540	170
5	540	170
8	540	170
6	540	170
6	540	180
6	540	180
6	540	180
7	540	180
5	540	180
8	540	185
8	540	185
9	540	190
9	540	190
7	540	190
12	540	195
8	540	195
9	540	195
9	540	195
13	540	200
14	540	205
14	540	205
11	540	205
2	543	145
4	543	145
5	543	145
3	543	150
3	543	150
6	543	155
3	543	155
6	543	155
3	543	155
3	543	155
4	543	160
5	543	160
3	543	160
6	543	160
6	543	160
8	543	165
4	543	165
4	543	165
5	543	165
5	543	165
6	543	170
7	543	170
6	543	170
4	543	170
5	543	170
6	543	175
6	543	175
12	543	175
7	543	175
6	543	175
6	543	180
6	543	180
5	543	180
7	543	180
6	543	180
6	543	185
6	543	185
6	543	185
6	543	185
8	543	185
6	543	190
6	543	190
9	543	190
8	543	190
9	543	190
10	543	195
8	543	195
8	543	195
11	543	195
10	543	195
12	543	200
9	543	200
12	543	200
6	543	200
14	543	200
16	543	205
14	543	205
8	543	205
14	543	205
8	543	205
9	543	210
7	543	210
11	543	210
11	543	210
15	543	210
17	543	215
13	543	215
16	543	220
11	543	225
18	543	235
2	548	135
2	548	135
1	548	135
2	548	135
3	548	140
1	548	140
1	548	140
2	548	140
2	548	140
2	548	145
2	548	145
6	548	150
1	548	150
1	548	150
11	548	215
13	548	230
0	544	70
0	544	75
0	544	75
0	544	75
0	544	75
0	544	80
0	544	80
0	544	80
0	544	85
0	544	85
0	544	85
0	544	95
0	544	100
1	544	115
1	544	125
1	544	125
1	544	125
1	544	125
2	544	125
1	544	130
1	544	130
1	544	130
2	544	130
1	544	130
1	544	135
1	544	135
1	544	135
2	544	135
2	544	135
2	544	140
3	544	140
1	544	140
1	544	140
1	544	140
2	544	145
2	544	145
4	544	145
2	544	145
1	544	145
2	544	150
2	544	150
3	544	150
2	544	150
2	544	150
2	544	155
3	544	155
3	544	155
2	544	155
3	544	155
3	544	160
4	544	160
3	544	160
4	544	160
2	544	160
6	544	165
6	544	165
6	544	165
5	544	165
6	544	165
5	544	170
3	544	170
6	544	170
6	544	170
3	544	170
4	544	175
6	544	175
5	544	175
5	544	180
6	544	180
6	544	200
5	545	175
6	545	175
4	545	180
7	545	180
10	545	180
6	545	185
7	545	185
8	545	185
6	545	185
11	545	185
8	545	190
9	545	190
6	545	190
9	545	190
10	545	190
8	545	195
9	545	195
10	545	195
9	545	195
11	545	195
9	545	200
12	545	200
12	545	200
13	545	200
14	545	205
11	545	205
8	545	205
11	545	205
13	545	205
14	545	210
11	545	210
6	545	210
17	545	215
18	545	220
13	545	225
5	546	150
9	546	155
3	546	155
6	546	155
5	546	155
5	546	155
5	546	160
3	546	160
3	546	160
7	546	160
4	546	160
5	546	165
5	546	165
6	546	165
8	546	165
8	546	165
5	546	170
6	546	170
5	546	170
6	546	170
7	546	170
4	546	175
5	546	175
7	546	175
7	546	175
5	546	175
12	546	180
10	546	180
9	546	180
5	546	180
11	546	180
9	546	185
5	546	185
8	546	185
9	546	185
11	546	185
10	546	190
9	546	190
8	546	190
9	546	190
10	546	190
10	546	195
10	546	195
8	546	195
11	546	195
7	546	200
8	546	200
16	546	200
13	546	200
13	546	200
11	546	205
11	546	205
15	546	205
9	546	205
9	546	205
12	546	210
10	546	210
12	546	210
13	546	210
13	546	210
10	546	215
17	546	215
16	546	215
11	546	215
12	546	215
16	546	220
14	546	220
12	546	220
12	546	220
17	546	225
13	546	225
13	546	230
17	546	235
15	546	235
13	546	235
16	546	240
13	546	245
0	547	80
0	547	80
0	547	80
0	547	80
0	547	80
0	547	85
0	547	85
0	547	85
0	547	85
0	547	90
0	547	90
1	547	115
1	547	120
1	547	125
1	547	125
1	547	125
1	547	125
1	547	130
1	547	130
2	547	130
1	547	130
1	547	130
1	547	135
1	547	135
1	547	135
1	547	135
1	547	135
1	547	140
2	547	140
1	547	140
2	547	140
2	547	140
1	547	145
3	547	145
2	547	145
3	547	145
2	547	145
3	547	150
8	547	150
3	547	150
2	547	150
0	549	75
0	549	75
0	549	85
0	549	85
0	549	85
0	549	90
0	549	90
0	549	90
0	549	110
0	549	115
0	549	120
0	549	125
1	549	130
1	549	130
1	549	135
1	549	135
2	549	135
2	549	135
1	549	135
1	549	140
1	549	140
1	549	140
2	549	140
2	549	140
3	549	145
2	549	145
2	549	145
2	549	145
3	549	145
2	549	150
2	549	150
2	549	150
2	549	150
2	549	150
2	549	155
2	549	155
3	549	155
2	549	155
2	549	155
2	549	160
4	549	160
3	549	160
2	549	160
3	549	160
2	549	165
6	549	165
2	549	165
2	549	165
6	549	165
6	549	170
3	549	170
5	549	170
6	549	170
6	549	175
0	550	75
0	550	75
0	550	80
0	550	80
0	550	80
0	550	80
0	550	80
0	550	85
0	550	85
0	550	90
0	550	90
0	550	95
0	550	100
1	550	105
0	550	115
1	550	125
1	550	130
1	550	130
1	550	130
6	550	170
6	550	175
0	551	65
0	551	70
0	551	80
0	551	80
0	551	80
0	551	80
0	551	80
0	551	85
0	551	85
0	551	85
0	551	85
0	551	85
0	551	90
0	551	90
0	551	90
0	551	90
0	551	95
0	551	95
1	551	100
0	551	120
0	551	120
0	551	120
0	551	120
0	551	120
0	551	125
1	551	125
1	551	125
0	551	130
1	551	130
1	551	130
1	551	130
0	551	130
1	551	135
1	551	135
1	551	135
0	551	135
1	551	140
1	551	140
1	551	140
1	551	140
1	551	140
2	551	145
1	551	145
2	551	145
2	551	145
2	551	145
3	551	150
2	551	150
2	551	150
2	551	150
2	551	150
2	551	155
2	551	155
2	551	155
8	551	155
2	551	155
6	551	160
2	551	160
6	551	160
2	551	160
2	551	160
6	551	165
6	551	165
7	551	165
3	551	165
7	551	165
6	551	170
5	551	170
4	551	170
4	551	185
0	552	60
0	552	60
0	552	70
0	552	70
0	552	70
0	552	70
0	552	75
0	552	75
0	552	75
0	552	75
0	552	75
0	552	110
1	552	115
3	552	170
5	552	170
6	552	175
5	552	175
6	552	175
6	552	175
6	552	175
6	552	185
6	552	185
4	552	190
4	553	135
1	553	135
1	553	140
3	553	140
7	553	145
4	553	145
6	553	150
7	553	150
5	553	150
5	553	150
7	553	150
6	553	155
2	553	155
4	553	155
6	553	155
6	553	155
11	553	160
4	553	160
7	553	160
5	553	160
6	553	160
6	553	165
6	553	165
7	553	165
5	553	165
7	553	165
7	553	170
7	553	170
6	553	170
8	553	170
4	553	170
5	553	175
5	553	175
7	553	175
6	553	180
6	553	180
6	553	180
6	553	180
6	553	185
6	553	185
6	553	185
14	553	190
6	553	190
10	553	190
14	553	190
14	553	195
9	553	195
10	553	195
15	553	195
10	553	195
9	553	200
8	553	200
10	553	200
10	553	200
12	553	200
10	553	205
6	553	205
13	553	205
10	553	205
11	553	210
12	553	210
14	553	210
16	553	215
14	553	215
18	553	215
18	553	215
12	553	220
16	553	220
18	553	220
11	553	225
0	554	70
0	554	70
0	554	75
0	554	75
0	554	75
0	554	80
0	554	80
0	554	80
0	554	85
0	554	85
0	554	85
0	554	85
0	554	90
0	554	90
0	554	95
1	554	125
1	554	125
1	554	125
1	554	125
1	554	130
1	554	130
1	554	130
1	554	130
1	554	130
1	554	135
1	554	135
1	554	135
1	554	140
2	554	140
2	554	140
2	554	145
2	554	145
1	554	145
0	560	80
0	560	85
0	560	90
0	560	90
0	560	90
0	560	90
0	560	90
0	560	95
0	560	95
0	560	95
0	560	95
0	560	95
0	560	100
0	560	105
1	560	125
1	560	125
1	560	130
1	560	130
1	560	130
1	560	130
1	560	130
1	560	135
1	560	135
1	560	135
2	560	135
1	560	135
1	560	140
1	560	140
1	560	140
2	560	140
1	560	140
1	560	145
2	560	145
2	560	145
1	560	145
1	560	145
3	560	150
2	560	150
2	560	150
2	560	150
1	560	150
2	560	155
2	560	155
2	560	155
2	560	155
2	560	155
2	560	160
2	560	160
8	560	160
2	560	160
2	560	160
2	560	165
2	560	170
4	560	170
4	560	175
2	562	135
1	562	135
1	562	135
1	562	135
1	562	135
1	562	140
1	562	140
1	562	140
1	562	140
3	562	140
2	562	145
2	562	145
3	562	145
3	562	145
3	562	145
3	562	150
4	562	150
5	562	150
3	562	150
2	562	150
8	562	155
6	562	155
3	562	155
4	562	155
2	562	155
2	562	160
8	562	160
5	562	160
7	562	160
3	562	160
5	562	165
6	562	165
8	562	165
6	562	165
6	562	165
5	562	170
5	562	170
4	562	170
6	562	170
6	562	170
5	562	175
3	562	175
4	562	175
6	562	175
6	562	175
6	562	180
6	562	180
5	562	180
7	562	180
6	562	180
9	562	185
6	562	185
9	562	185
6	562	185
10	562	185
9	562	190
6	562	190
10	562	190
6	562	190
9	562	205
11	562	205
8	562	210
8	562	210
8	562	215
1	564	130
1	564	130
1	564	130
1	564	130
11	564	190
17	564	195
10	564	195
7	564	200
15	564	210
17	564	215
13	564	220
9	564	235
2	565	130
2	565	130
1	565	135
1	565	135
1	565	135
1	565	135
2	565	135
2	565	140
1	565	140
4	565	140
0	565	140
2	565	140
3	565	145
3	565	145
3	565	145
1	565	145
2	565	145
3	565	150
3	565	150
3	565	150
2	565	150
4	565	155
6	565	155
3	565	155
3	565	155
2	565	155
6	565	160
2	565	160
4	565	160
6	565	160
2	565	160
6	565	165
6	565	165
3	565	165
6	565	165
10	565	170
6	565	170
6	565	170
6	565	170
6	565	170
3	565	175
4	565	175
9	565	175
6	565	175
6	565	175
4	565	180
9	565	180
7	565	185
7	565	185
10	565	195
12	565	200
1	568	130
2	568	135
1	568	135
2	568	135
2	568	140
4	568	140
3	568	140
2	568	140
2	568	140
3	568	145
3	568	145
2	568	145
2	568	145
2	568	145
3	568	150
2	568	150
2	568	150
2	568	150
2	568	150
3	568	155
4	568	155
2	568	155
5	568	155
3	568	155
7	568	160
7	568	160
4	568	160
3	568	160
7	568	160
9	568	165
6	568	165
6	568	165
4	568	165
3	568	165
7	568	170
3	568	170
7	568	170
10	568	170
3	568	175
6	568	175
6	568	175
6	568	175
8	568	175
6	568	180
6	568	180
8	568	180
6	568	180
10	568	180
13	568	185
6	568	185
7	568	185
12	568	185
10	568	195
11	568	195
13	568	200
13	568	205
15	568	230
8	569	130
3	569	130
6	569	180
6	569	180
9	569	180
6	569	185
6	569	185
8	569	185
10	569	190
8	569	190
6	569	190
11	569	190
12	569	190
11	569	195
7	569	195
10	569	195
8	569	195
9	569	200
6	569	200
13	569	200
15	569	200
12	569	205
9	569	205
10	569	205
12	569	205
10	569	210
16	569	210
11	569	215
15	569	215
12	569	215
8	569	215
12	569	225
5	569	225
18	569	225
4	570	125
1	570	125
2	570	130
1	570	130
5	570	130
1	570	130
1	570	130
3	570	135
1	570	135
1	570	135
1	570	135
2	570	135
1	570	140
1	570	140
1	570	140
3	570	140
1	570	140
2	570	145
2	570	145
2	570	145
2	570	145
2	570	145
2	570	150
3	570	150
3	570	150
2	570	150
2	570	150
3	570	155
2	570	155
3	570	155
2	570	155
2	570	155
2	570	160
2	570	160
6	570	160
3	570	160
6	570	160
2	570	165
6	570	165
3	570	165
3	570	165
6	570	165
5	570	170
4	570	170
4	570	170
6	570	170
6	570	170
5	570	175
5	570	175
4	570	175
6	570	180
5	570	180
6	570	180
7	570	180
6	570	185
7	570	190
8	570	190
16	570	195
9	570	195
13	570	230
1	571	115
1	571	120
1	571	125
1	571	125
2	571	125
12	571	185
