ch1	ch2	Rec	meanD	Rec2	Ae	pA	LOG
249.6807	4.5526	1	40	50G7	0.002647496	6.57E-06	1
120.1689	3.1993	1	35	50G7	0.002315959	5.75E-06	2
162.4719	3.2539	1	35	50G7	0.002315959	5.75E-06	3
242.3652	0	1	30	50G7	0.001984594	4.92E-06	4
366.4175	0.0696	1	35	50G7	0.002315959	5.75E-06	5
436.6889	0	1	30	50G7	0.001984594	4.92E-06	6
205.8647	0	1	25	50G7	0.0016534	4.10E-06	7
331.0173	0	1	30	50G7	0.001984594	4.92E-06	8
267.1435	0	1	30	50G7	0.001984594	4.92E-06	9
306.4394	0	1	30	50G7	0.001984594	4.92E-06	10
443.4997	0	1	30	50G7	0.001984594	4.92E-06	11
218.0205	0	1	35	50G7	0.002315959	5.75E-06	12
770.3796	0	1	35	50G7	0.002315959	5.75E-06	13
906.4083	0	1	30	50G7	0.001984594	4.92E-06	14
662.6736	0	1	35	50G7	0.002315959	5.75E-06	15
675.2806	1.5096	1	35	50G7	0.002315959	5.75E-06	16
496.1165	0.5308	1	35	50G7	0.002315959	5.75E-06	17
424.1216	0.2642	1	35	50G7	0.002315959	5.75E-06	18
699.7392	0	1	30	50G7	0.001984594	4.92E-06	19
623.8325	1.3724	1	35	50G7	0.002315959	5.75E-06	20
420.884	5.2557	1	40	50G7	0.002647496	6.57E-06	21
531.7887	1.7367	1	40	50G7	0.002647496	6.57E-06	22
406.481	0.6611	1	35	50G7	0.002315959	5.75E-06	23
178.2577	0	1	30	50G7	0.001984594	4.92E-06	24
98.1174	0	1	30	50G7	0.001984594	4.92E-06	25
125.8649	0	1	30	50G7	0.001984594	4.92E-06	26
175.4263	0	1	25	50G7	0.0016534	4.10E-06	27
328.3532	0.8508	1	40	50G7	0.002647496	6.57E-06	28
320.4454	1.1507	1	40	50G7	0.002647496	6.57E-06	29
334.1061	1.5406	1	35	50G7	0.002315959	5.75E-06	30
128.472	0	1	35	50G7	0.002315959	5.75E-06	31
209.6946	0.6709	1	35	50G7	0.002315959	5.75E-06	32
118.198	0.5491	1	35	50G7	0.002315959	5.75E-06	33
138.236	0.2064	1	35	50G7	0.002315959	5.75E-06	34
157.0687	1.3201	1	35	50G7	0.002315959	5.75E-06	35
246.2844	0.3975	1	35	50G7	0.002315959	5.75E-06	36
423.3204	0	1	30	50G7	0.001984594	4.92E-06	37
360.1509	0	1	30	50G7	0.001984594	4.92E-06	38
338.0241	1.4762	1	35	50G7	0.002315959	5.75E-06	39
490.2386	5.557	1	35	50G7	0.002315959	5.75E-06	40
NA	NA	1	NA	50G7	403.0113368	0.999780047	41
166.2645	40.2435	2	50	50G8	0.003311083	3.97E-06	1
157.4659	21.3564	2	50	50G8	0.003311083	3.97E-06	2
214.8525	49.2049	2	50	50G8	0.003311083	3.97E-06	3
132.0498	53.7047	2	50	50G8	0.003311083	3.97E-06	4
259.6109	112.9272	2	45	50G8	0.002979204	3.57E-06	5
303.9882	135.2249	2	45	50G8	0.002979204	3.57E-06	6
176.0175	105.1643	2	45	50G8	0.002979204	3.57E-06	7
32.3433	71.5199	2	45	50G8	0.002979204	3.57E-06	8
175.4842	17.7251	2	40	50G8	0.002647496	3.18E-06	9
152.9161	47.7867	2	40	50G8	0.002647496	3.18E-06	10
226.6798	32.5513	2	40	50G8	0.002647496	3.18E-06	11
158.5357	28.2827	2	35	50G8	0.002315959	2.78E-06	12
404.4064	2.3563	2	35	50G8	0.002315959	2.78E-06	13
239.6149	22.7633	2	35	50G8	0.002315959	2.78E-06	14
250.3557	21.3764	2	35	50G8	0.002315959	2.78E-06	15
81.8201	30.4019	2	35	50G8	0.002315959	2.78E-06	16
558.1346	16.8592	2	35	50G8	0.002315959	2.78E-06	17
282.0373	0	2	35	50G8	0.002315959	2.78E-06	18
628.3888	0	2	30	50G8	0.001984594	2.38E-06	19
178.8461	0	2	30	50G8	0.001984594	2.38E-06	20
1400.4227	0	2	30	50G8	0.001984594	2.38E-06	21
453.831	0	2	30	50G8	0.001984594	2.38E-06	22
265.8135	24.3135	2	35	50G8	0.002315959	2.78E-06	23
157.9221	13.2546	2	40	50G8	0.002647496	3.18E-06	24
369.7845	27.8673	2	35	50G8	0.002315959	2.78E-06	25
177.7586	29.5992	2	35	50G8	0.002315959	2.78E-06	26
262.7512	31.8187	2	35	50G8	0.002315959	2.78E-06	27
172.8133	9.105	2	35	50G8	0.002315959	2.78E-06	28
128.2744	3.6205	2	35	50G8	0.002315959	2.78E-06	29
268.3793	4.1642	2	35	50G8	0.002315959	2.78E-06	30
472.1266	5.0683	2	35	50G8	0.002315959	2.78E-06	31
409.0614	5.4986	2	35	50G8	0.002315959	2.78E-06	32
388.3801	3.0193	2	35	50G8	0.002315959	2.78E-06	33
323.9517	3.8709	2	35	50G8	0.002315959	2.78E-06	34
533.1262	1.6778	2	35	50G8	0.002315959	2.78E-06	35
503.6349	0	2	30	50G8	0.001984594	2.38E-06	36
752.4577	0.3902	2	35	50G8	0.002315959	2.78E-06	37
734.4126	0.3189	2	35	50G8	0.002315959	2.78E-06	38
607.3135	1.4661	2	35	50G8	0.002315959	2.78E-06	39
644.0016	5.3118	2	35	50G8	0.002315959	2.78E-06	40
727.2469	9.2818	2	40	50G8	0.002647496	3.18E-06	41
749.5502	7.0415	2	40	50G8	0.002647496	3.18E-06	42
676.7621	12.2454	2	40	50G8	0.002647496	3.18E-06	43
694.6152	7.3551	2	35	50G8	0.002315959	2.78E-06	44
596.8544	17.3537	2	40	50G8	0.002647496	3.18E-06	45
545.1932	14.5347	2	40	50G8	0.002647496	3.18E-06	46
565.3042	12.3342	2	40	50G8	0.002647496	3.18E-06	47
629.0571	13.1161	2	40	50G8	0.002647496	3.18E-06	48
747.132	15.7479	2	40	50G8	0.002647496	3.18E-06	49
769.7004	9.2056	2	40	50G8	0.002647496	3.18E-06	50
1017.3231	9.4969	2	35	50G8	0.002315959	2.78E-06	51
720.1318	17.0796	2	40	50G8	0.002647496	3.18E-06	52
540.0097	40.8278	2	40	50G8	0.002647496	3.18E-06	53
800.6983	0.141	2	35	50G8	0.002315959	2.78E-06	54
773.6354	101.803	2	40	50G8	0.002647496	3.18E-06	55
672.5515	70.4287	2	40	50G8	0.002647496	3.18E-06	56
679.6989	166.5583	2	60	50G8	0.003975356	4.77E-06	57
40.7996	182.2005	2	65	50G8	0.004307749	5.17E-06	58
620.5919	114.7639	2	65	50G8	0.004307749	5.17E-06	59
13.4166	4.8169	2	40	50G8	0.002647496	3.18E-06	60
32.0352	8.1965	2	45	50G8	0.002979204	3.57E-06	61
27.3707	3.7491	2	40	50G8	0.002647496	3.18E-06	62
134.4546	18.8275	2	45	50G8	0.002979204	3.57E-06	63
236.4034	22.3128	2	45	50G8	0.002979204	3.57E-06	64
33.6874	144.8763	2	60	50G8	0.003975356	4.77E-06	65
NA	NA	2	NA	50G8	833.2288947	0.99979469	66
195.9631	95.8053	3	55	50G9	0.003643134	4.14E-06	1
103.8746	67.7418	3	55	50G9	0.003643134	4.14E-06	2
188.3479	74.9393	3	55	50G9	0.003643134	4.14E-06	3
330.4725	49.7667	3	55	50G9	0.003643134	4.14E-06	4
58.8273	64.2149	3	55	50G9	0.003643134	4.14E-06	5
83.3148	50.353	3	65	50G9	0.004307749	4.90E-06	6
750.8767	34.2618	3	60	50G9	0.003975356	4.52E-06	7
303.0074	35.8279	3	55	50G9	0.003643134	4.14E-06	8
713.0004	39.8626	3	55	50G9	0.003643134	4.14E-06	9
326.6746	57.1959	3	55	50G9	0.003643134	4.14E-06	10
377.6287	58.9596	3	55	50G9	0.003643134	4.14E-06	11
489.0057	23.7167	3	55	50G9	0.003643134	4.14E-06	12
246.1885	41.4336	3	55	50G9	0.003643134	4.14E-06	13
550.7308	91.3071	3	55	50G9	0.003643134	4.14E-06	14
277.6974	96.6836	3	60	50G9	0.003975356	4.52E-06	15
548.9737	116.7644	3	60	50G9	0.003975356	4.52E-06	16
679.4473	61.7229	3	65	50G9	0.004307749	4.90E-06	17
520.4752	64.857	3	65	50G9	0.004307749	4.90E-06	18
260.0872	114.3382	3	65	50G9	0.004307749	4.90E-06	19
355.6203	496.8159	3	65	50G9	0.004307749	4.90E-06	20
365.0692	120.4737	3	65	50G9	0.004307749	4.90E-06	21
289.2856	111.5627	3	60	50G9	0.003975356	4.52E-06	22
335.5089	87.3765	3	65	50G9	0.004307749	4.90E-06	23
737.7168	57.371	3	60	50G9	0.003975356	4.52E-06	24
259.1383	63.6726	3	60	50G9	0.003975356	4.52E-06	25
317.6858	65.1362	3	60	50G9	0.003975356	4.52E-06	26
290.4026	73.2602	3	55	50G9	0.003643134	4.14E-06	27
300.156	57.7863	3	55	50G9	0.003643134	4.14E-06	28
247.7876	61.3635	3	55	50G9	0.003643134	4.14E-06	29
283.7603	107.9642	3	50	50G9	0.003311083	3.76E-06	30
1338.9658	78.1574	3	50	50G9	0.003311083	3.76E-06	31
509.4738	63.5127	3	60	50G9	0.003975356	4.52E-06	32
376.6718	82.9046	3	50	50G9	0.003311083	3.76E-06	33
267.5927	88.4723	3	50	50G9	0.003311083	3.76E-06	34
200.015	35.7164	3	45	50G9	0.002979204	3.39E-06	35
183.5247	46.4487	3	45	50G9	0.002979204	3.39E-06	36
249.317	98.6376	3	45	50G9	0.002979204	3.39E-06	37
83.368	72.761	3	45	50G9	0.002979204	3.39E-06	38
400.1691	103.6829	3	50	50G9	0.003311083	3.76E-06	39
50.1355	77.5153	3	55	50G9	0.003643134	4.14E-06	40
49.3119	84.0888	3	50	50G9	0.003311083	3.76E-06	41
21.8644	125.1535	3	45	50G9	0.002979204	3.39E-06	42
23.5132	43.9032	3	45	50G9	0.002979204	3.39E-06	43
80.2109	88.0599	3	50	50G9	0.003311083	3.76E-06	44
15.4767	43.6917	3	50	50G9	0.003311083	3.76E-06	45
80.6058	90.1762	3	45	50G9	0.002979204	3.39E-06	46
28.1667	154.4511	3	45	50G9	0.002979204	3.39E-06	47
93.5767	73.4909	3	45	50G9	0.002979204	3.39E-06	48
51.4151	1.3148	3	45	50G9	0.002979204	3.39E-06	49
29.8399	55.3587	3	50	50G9	0.003311083	3.76E-06	50
86.8483	14.3479	3	40	50G9	0.002647496	3.01E-06	51
33.9199	18.9013	3	45	50G9	0.002979204	3.39E-06	52
14.4737	25.0205	3	45	50G9	0.002979204	3.39E-06	53
108.1465	38.69	3	45	50G9	0.002979204	3.39E-06	54
74.226	46.1758	3	50	50G9	0.003311083	3.76E-06	55
200.4885	92.6853	3	60	50G9	0.003975356	4.52E-06	56
NA	NA	3	NA	50G9	879.3012894	0.999774064	57
1056.7255	1.6776	4	40	50H0	0.002647496	3.33E-06	1
994.5958	5.2857	4	40	50H0	0.002647496	3.33E-06	2
670.319	3.1606	4	40	50H0	0.002647496	3.33E-06	3
652.5061	4.9281	4	40	50H0	0.002647496	3.33E-06	4
1099.8564	3.4837	4	35	50H0	0.002315959	2.91E-06	5
1176.7083	6.5616	4	40	50H0	0.002647496	3.33E-06	6
776.8771	6.0556	4	40	50H0	0.002647496	3.33E-06	7
788.5268	2.4016	4	40	50H0	0.002647496	3.33E-06	8
928.5745	9.4498	4	50	50H0	0.003311083	4.16E-06	9
925.8467	6.9195	4	45	50H0	0.002979204	3.75E-06	10
934.244	7.0066	4	40	50H0	0.002647496	3.33E-06	11
1134.5576	6.6272	4	35	50H0	0.002315959	2.91E-06	12
2005.6911	1.4287	4	35	50H0	0.002315959	2.91E-06	13
1910.6222	0	4	30	50H0	0.001984594	2.50E-06	14
1908.5861	0	4	30	50H0	0.001984594	2.50E-06	15
2037.8171	0	4	30	50H0	0.001984594	2.50E-06	16
1493.6778	0.329	4	35	50H0	0.002315959	2.91E-06	17
1744.7555	0	4	30	50H0	0.001984594	2.50E-06	18
1827.5763	0	4	35	50H0	0.002315959	2.91E-06	19
1611.934	2.7784	4	35	50H0	0.002315959	2.91E-06	20
990.2806	0	4	30	50H0	0.001984594	2.50E-06	21
471.0235	0	4	30	50H0	0.001984594	2.50E-06	22
647.9356	2.4389	4	35	50H0	0.002315959	2.91E-06	23
506.6379	12.6405	4	40	50H0	0.002647496	3.33E-06	24
394.6387	12.4991	4	40	50H0	0.002647496	3.33E-06	25
363.455	15.5093	4	40	50H0	0.002647496	3.33E-06	26
285.6587	10.7618	4	40	50H0	0.002647496	3.33E-06	27
225.7611	18.5453	4	40	50H0	0.002647496	3.33E-06	28
179.2882	30.522	4	40	50H0	0.002647496	3.33E-06	29
137.4179	51.52	4	40	50H0	0.002647496	3.33E-06	30
144.389	137.346	4	40	50H0	0.002647496	3.33E-06	31
42.5832	42.0484	4	35	50H0	0.002315959	2.91E-06	32
49.5742	86.1696	4	45	50H0	0.002979204	3.75E-06	33
63.3628	46.0213	4	45	50H0	0.002979204	3.75E-06	34
85.121	17.3068	4	50	50H0	0.003311083	4.16E-06	35
33.8817	72.773	4	50	50H0	0.003311083	4.16E-06	36
75.1023	18.3993	4	45	50H0	0.002979204	3.75E-06	37
161.4929	17.8437	4	45	50H0	0.002979204	3.75E-06	38
28.3138	2.1925	4	40	50H0	0.002647496	3.33E-06	39
26.6553	142.5571	4	45	50H0	0.002979204	3.75E-06	40
36.4983	27.5324	4	45	50H0	0.002979204	3.75E-06	41
64.659	42.3825	4	45	50H0	0.002979204	3.75E-06	42
48.9477	71.3804	4	50	50H0	0.003311083	4.16E-06	43
61.5596	46.038	4	50	50H0	0.003311083	4.16E-06	44
93.8473	108.8659	4	50	50H0	0.003311083	4.16E-06	45
145.9709	72.3356	4	50	50H0	0.003311083	4.16E-06	46
NA	NA	4	NA	50H0	794.9775461	0.999845989	47
NA	NA	5	NA	50H1	41.59998	0.999999519	1
NA	NA	5	NA	50H1	1.00E-05	2.40E-07	2
NA	NA	5	NA	50H1	1.00E-05	2.40E-07	3
419.1584	49.4482	6	40	51G7	0.002647496	4.31E-06	1
389.397	43.1384	6	45	51G7	0.002979204	4.85E-06	2
394.4003	42.4551	6	45	51G7	0.002979204	4.85E-06	3
465.7037	32.1689	6	40	51G7	0.002647496	4.31E-06	4
669.9928	11.2251	6	35	51G7	0.002315959	3.77E-06	5
835.8167	26.1197	6	40	51G7	0.002647496	4.31E-06	6
672.7852	13.1711	6	35	51G7	0.002315959	3.77E-06	7
475.2632	1.5684	6	35	51G7	0.002315959	3.77E-06	8
279.2347	27.8137	6	40	51G7	0.002647496	4.31E-06	9
544.3581	28.2837	6	40	51G7	0.002647496	4.31E-06	10
255.3445	26.2972	6	40	51G7	0.002647496	4.31E-06	11
192.4119	47.1965	6	40	51G7	0.002647496	4.31E-06	12
238.0196	36.9273	6	40	51G7	0.002647496	4.31E-06	13
190.7868	21.2549	6	40	51G7	0.002647496	4.31E-06	14
119.6421	21.9949	6	40	51G7	0.002647496	4.31E-06	15
91.5811	20.9891	6	40	51G7	0.002647496	4.31E-06	16
81.1116	30.1864	6	40	51G7	0.002647496	4.31E-06	17
58.6948	16.3592	6	35	51G7	0.002315959	3.77E-06	18
41.7846	3.4929	6	35	51G7	0.002315959	3.77E-06	19
18.1333	1.8313	6	35	51G7	0.002315959	3.77E-06	20
235.3389	0	6	30	51G7	0.001984594	3.23E-06	21
118.7892	0	6	30	51G7	0.001984594	3.23E-06	22
766.1157	0	6	30	51G7	0.001984594	3.23E-06	23
527.425	0	6	30	51G7	0.001984594	3.23E-06	24
583.6071	0.2509	6	35	51G7	0.002315959	3.77E-06	25
46.1987	35.1488	6	35	51G7	0.002315959	3.77E-06	26
11.7565	39.6647	6	35	51G7	0.002315959	3.77E-06	27
25.8772	44.6256	6	40	51G7	0.002647496	4.31E-06	28
31.3381	61.6415	6	40	51G7	0.002647496	4.31E-06	29
91.7205	103.7091	6	40	51G7	0.002647496	4.31E-06	30
61.0355	109.2616	6	40	51G7	0.002647496	4.31E-06	31
NA	NA	6	NA	51G7	614.4228996	0.999874532	32
825.5002	4.3287	7	45	51G8	0.002979204	3.45E-06	1
907.7961	5.6709	7	45	51G8	0.002979204	3.45E-06	2
988.6358	13.9873	7	45	51G8	0.002979204	3.45E-06	3
1008.2504	31.0564	7	40	51G8	0.002647496	3.07E-06	4
761.8363	7.3864	7	40	51G8	0.002647496	3.07E-06	5
874.9199	9.4134	7	35	51G8	0.002315959	2.68E-06	6
1022.663	16.8721	7	35	51G8	0.002315959	2.68E-06	7
1145.568	17.4458	7	35	51G8	0.002315959	2.68E-06	8
1558.0132	20.8132	7	35	51G8	0.002315959	2.68E-06	9
1525.349	8.3152	7	35	51G8	0.002315959	2.68E-06	10
1246.9449	10.2896	7	40	51G8	0.002647496	3.07E-06	11
892.9405	11.3961	7	40	51G8	0.002647496	3.07E-06	12
832.2065	5.7783	7	35	51G8	0.002315959	2.68E-06	13
714.1283	0	7	35	51G8	0.002315959	2.68E-06	14
435.8101	0	7	35	51G8	0.002315959	2.68E-06	15
724.851	0.2694	7	35	51G8	0.002315959	2.68E-06	16
754.1409	0.388	7	35	51G8	0.002315959	2.68E-06	17
500.7002	0.5733	7	35	51G8	0.002315959	2.68E-06	18
469.4512	0.7966	7	35	51G8	0.002315959	2.68E-06	19
498.3739	11.4816	7	35	51G8	0.002315959	2.68E-06	20
692.6883	11.6215	7	35	51G8	0.002315959	2.68E-06	21
573.7653	21.6042	7	40	51G8	0.002647496	3.07E-06	22
601.4872	35.6251	7	40	51G8	0.002647496	3.07E-06	23
669.3466	26.9201	7	45	51G8	0.002979204	3.45E-06	24
517.0116	10.4792	7	40	51G8	0.002647496	3.07E-06	25
438.8998	20.8887	7	40	51G8	0.002647496	3.07E-06	26
360.3595	21.9356	7	40	51G8	0.002647496	3.07E-06	27
641.8662	90.8959	7	45	51G8	0.002979204	3.45E-06	28
594.3585	84.6075	7	40	51G8	0.002647496	3.07E-06	29
206.4339	149.7343	7	45	51G8	0.002979204	3.45E-06	30
68.9477	148.8706	7	45	51G8	0.002979204	3.45E-06	31
43.1908	122.4825	7	45	51G8	0.002979204	3.45E-06	32
28.4703	240.4731	7	45	51G8	0.002979204	3.45E-06	33
88.4816	197.6453	7	45	51G8	0.002979204	3.45E-06	34
6.6127	147.5785	7	45	51G8	0.002979204	3.45E-06	35
54.8449	235.4699	7	40	51G8	0.002647496	3.07E-06	36
214.0037	191.433	7	40	51G8	0.002647496	3.07E-06	37
16.5607	130.3238	7	40	51G8	0.002647496	3.07E-06	38
4.1955	0.6479	7	40	51G8	0.002647496	3.07E-06	39
61.5244	0.5287	7	35	51G8	0.002315959	2.68E-06	40
12.5623	6.1006	7	35	51G8	0.002315959	2.68E-06	41
3.6099	0	7	30	51G8	0.001984594	2.30E-06	42
1863.4881	0	7	30	51G8	0.001984594	2.30E-06	43
1018.5714	0	7	30	51G8	0.001984594	2.30E-06	44
245.529	0	7	30	51G8	0.001984594	2.30E-06	45
126.4995	0	7	30	51G8	0.001984594	2.30E-06	46
346.4893	0	7	30	51G8	0.001984594	2.30E-06	47
2470.8814	0	7	30	51G8	0.001984594	2.30E-06	48
143.4565	26.4563	7	35	51G8	0.002315959	2.68E-06	49
165.0726	34.9904	7	40	51G8	0.002647496	3.07E-06	50
406.0701	24.9479	7	40	51G8	0.002647496	3.07E-06	51
305.0494	144.7047	7	40	51G8	0.002647496	3.07E-06	52
589.2758	138.43	7	40	51G8	0.002647496	3.07E-06	53
666.9889	27.1139	7	40	51G8	0.002647496	3.07E-06	54
266.0086	239.2156	7	40	51G8	0.002647496	3.07E-06	55
358.1693	113.7793	7	40	51G8	0.002647496	3.07E-06	56
473.9755	51.9654	7	40	51G8	0.002647496	3.07E-06	57
NA	NA	7	NA	51G8	863.5557204	0.999832952	58
818.8209	3.1038	8	65	51G9	0.004307749	4.98E-06	1
507.0738	3.1627	8	65	51G9	0.004307749	4.98E-06	2
906.6674	5.7178	8	60	51G9	0.003975356	4.59E-06	3
969.0159	7.6837	8	60	51G9	0.003975356	4.59E-06	4
755.6794	7.6567	8	55	51G9	0.003643134	4.21E-06	5
834.3432	3.3809	8	55	51G9	0.003643134	4.21E-06	6
767.3256	2.9197	8	55	51G9	0.003643134	4.21E-06	7
1448.4087	2.9168	8	50	51G9	0.003311083	3.82E-06	8
2134.5484	2.0156	8	50	51G9	0.003311083	3.82E-06	9
1771.7967	3.9588	8	50	51G9	0.003311083	3.82E-06	10
1815.2235	2.2962	8	45	51G9	0.002979204	3.44E-06	11
1475.8149	1.0654	8	45	51G9	0.002979204	3.44E-06	12
1484.8048	0.2295	8	45	51G9	0.002979204	3.44E-06	13
1173.9813	0.8543	8	50	51G9	0.003311083	3.82E-06	14
943.6491	4.0996	8	50	51G9	0.003311083	3.82E-06	15
1307.0917	6.3399	8	50	51G9	0.003311083	3.82E-06	16
1413.36	9.9012	8	50	51G9	0.003311083	3.82E-06	17
1091.5014	9.3864	8	50	51G9	0.003311083	3.82E-06	18
1261.6929	5.9944	8	50	51G9	0.003311083	3.82E-06	19
1012.1425	6.6634	8	50	51G9	0.003311083	3.82E-06	20
1018.7683	8.3397	8	45	51G9	0.002979204	3.44E-06	21
739.0911	10.1711	8	45	51G9	0.002979204	3.44E-06	22
748.1036	10.3024	8	45	51G9	0.002979204	3.44E-06	23
889.8689	10.723	8	40	51G9	0.002647496	3.06E-06	24
673.599	4.721	8	40	51G9	0.002647496	3.06E-06	25
834.2256	5.5688	8	45	51G9	0.002979204	3.44E-06	26
232.3849	43.2114	8	40	51G9	0.002647496	3.06E-06	27
253.762	47.9073	8	40	51G9	0.002647496	3.06E-06	28
287.5171	19.1168	8	40	51G9	0.002647496	3.06E-06	29
184.2355	125.8931	8	40	51G9	0.002647496	3.06E-06	30
292.9364	29.3577	8	45	51G9	0.002979204	3.44E-06	31
244.6899	120.469	8	45	51G9	0.002979204	3.44E-06	32
113.093	65.62	8	55	51G9	0.003643134	4.21E-06	33
347.8616	189.9411	8	55	51G9	0.003643134	4.21E-06	34
192.2052	56.2795	8	50	51G9	0.003311083	3.82E-06	35
223.7205	47.869	8	55	51G9	0.003643134	4.21E-06	36
284.7122	73.6828	8	50	51G9	0.003311083	3.82E-06	37
748.4862	108.3704	8	50	51G9	0.003311083	3.82E-06	38
616.1508	108.557	8	45	51G9	0.002979204	3.44E-06	39
441.9576	81.9579	8	45	51G9	0.002979204	3.44E-06	40
679.6009	285.5951	8	50	51G9	0.003311083	3.82E-06	41
1009.3874	55.6474	8	60	51G9	0.003975356	4.59E-06	42
519.4372	101.2806	8	60	51G9	0.003975356	4.59E-06	43
422.8694	203.5937	8	60	51G9	0.003975356	4.59E-06	44
288.1573	61.4742	8	65	51G9	0.004307749	4.98E-06	45
343.9372	139.0181	8	65	51G9	0.004307749	4.98E-06	46
455.9523	198.6302	8	70	51G9	0.004640313	5.36E-06	47
648.319	119.2999	8	70	51G9	0.004640313	5.36E-06	48
375.1584	248.353	8	70	51G9	0.004640313	5.36E-06	49
1770.2721	489.4741	8	70	51G9	0.004640313	5.36E-06	50
945.9974	236.5643	8	65	51G9	0.004307749	4.98E-06	51
912.4314	167.0321	8	65	51G9	0.004307749	4.98E-06	52
830.5268	150.3318	8	65	51G9	0.004307749	4.98E-06	53
503.5709	125.3926	8	65	51G9	0.004307749	4.98E-06	54
267.3542	119.4837	8	65	51G9	0.004307749	4.98E-06	55
NA	NA	8	NA	51G9	865.605922	0.99977584	56
503.0223	36.2172	9	45	51H0	0.002979204	3.44E-06	1
193.3202	75.6465	9	45	51H0	0.002979204	3.44E-06	2
142.3783	61.2471	9	45	51H0	0.002979204	3.44E-06	3
208.322	57.1498	9	45	51H0	0.002979204	3.44E-06	4
469.1182	60.3584	9	45	51H0	0.002979204	3.44E-06	5
841.1664	40.0534	9	45	51H0	0.002979204	3.44E-06	6
933.0851	95.7087	9	45	51H0	0.002979204	3.44E-06	7
226.3543	87.3623	9	45	51H0	0.002979204	3.44E-06	8
1243.6419	124.0858	9	50	51H0	0.003311083	3.82E-06	9
177.4433	51.9225	9	50	51H0	0.003311083	3.82E-06	10
1280.7882	69.4834	9	50	51H0	0.003311083	3.82E-06	11
2118.8877	110.3108	9	55	51H0	0.003643134	4.21E-06	12
1491.3026	65.8022	9	55	51H0	0.003643134	4.21E-06	13
214.7537	87.5985	9	60	51H0	0.003975356	4.59E-06	14
219.8864	121.6996	9	65	51H0	0.004307749	4.98E-06	15
165.6337	102.7773	9	65	51H0	0.004307749	4.98E-06	16
276.7025	89.4539	9	65	51H0	0.004307749	4.98E-06	17
535.63	98.2835	9	70	51H0	0.004640313	5.36E-06	18
265.5197	152.349	9	75	51H0	0.004973049	5.74E-06	19
610.4481	69.4737	9	75	51H0	0.004973049	5.74E-06	20
1971.5696	75.7038	9	75	51H0	0.004973049	5.74E-06	21
1291.639	183.0961	9	70	51H0	0.004640313	5.36E-06	22
758.1745	65.3628	9	70	51H0	0.004640313	5.36E-06	23
352.5493	51.7459	9	65	51H0	0.004307749	4.98E-06	24
390.272	83.6774	9	70	51H0	0.004640313	5.36E-06	25
785.1549	123.6399	9	70	51H0	0.004640313	5.36E-06	26
1281.9076	104.4017	9	70	51H0	0.004640313	5.36E-06	27
693.602	134.7292	9	70	51H0	0.004640313	5.36E-06	28
1207.2701	99.6017	9	70	51H0	0.004640313	5.36E-06	29
1462.7899	164.6247	9	70	51H0	0.004640313	5.36E-06	30
810.4615	65.2922	9	70	51H0	0.004640313	5.36E-06	31
347.6995	9.0869	9	65	51H0	0.004307749	4.98E-06	32
316.3156	9.4119	9	65	51H0	0.004307749	4.98E-06	33
366.7373	6.436	9	60	51H0	0.003975356	4.59E-06	34
451.2291	4.856	9	60	51H0	0.003975356	4.59E-06	35
603.2518	6.117	9	60	51H0	0.003975356	4.59E-06	36
663.7332	4.8134	9	60	51H0	0.003975356	4.59E-06	37
579.2502	11.8796	9	60	51H0	0.003975356	4.59E-06	38
512.8234	8.9838	9	60	51H0	0.003975356	4.59E-06	39
414.7757	8.2855	9	55	51H0	0.003643134	4.21E-06	40
546.7338	3.2868	9	50	51H0	0.003311083	3.82E-06	41
333.7137	1.8981	9	50	51H0	0.003311083	3.82E-06	42
424.1905	1.9397	9	45	51H0	0.002979204	3.44E-06	43
448.8588	1.5999	9	45	51H0	0.002979204	3.44E-06	44
383.4271	1.1044	9	45	51H0	0.002979204	3.44E-06	45
444.6714	1.3764	9	40	51H0	0.002647496	3.06E-06	46
553.8905	4.4843	9	40	51H0	0.002647496	3.06E-06	47
766.3246	0	9	40	51H0	0.002647496	3.06E-06	48
752.2762	0.6803	9	40	51H0	0.002647496	3.06E-06	49
778.7139	2.3714	9	40	51H0	0.002647496	3.06E-06	50
557.9093	1.3055	9	35	51H0	0.002315959	2.68E-06	51
827.7642	5.1904	9	40	51H0	0.002647496	3.06E-06	52
836.0987	0	9	30	51H0	0.001984594	2.29E-06	53
1245.1832	5.4721	9	40	51H0	0.002647496	3.06E-06	54
1065.1946	4.9814	9	45	51H0	0.002979204	3.44E-06	55
NA	NA	9	NA	51H0	865.4989354	0.999767743	56
NA	NA	10	NA	51H1	237.29998	0.999999916	1
NA	NA	10	NA	51H1	1.00E-05	4.21E-08	2
NA	NA	10	NA	51H1	1.00E-05	4.21E-08	3
177.403	3.2066	11	50	52G7	0.003311083	6.86E-06	1
167.1217	2.82	11	50	52G7	0.003311083	6.86E-06	2
275.2971	3.5325	11	50	52G7	0.003311083	6.86E-06	3
242.9345	1.5774	11	50	52G7	0.003311083	6.86E-06	4
208.6562	2.2976	11	45	52G7	0.002979204	6.17E-06	5
203.8915	3.8262	11	50	52G7	0.003311083	6.86E-06	6
196.8913	3.357	11	50	52G7	0.003311083	6.86E-06	7
194.3886	1.1082	11	45	52G7	0.002979204	6.17E-06	8
123.7707	3.4465	11	45	52G7	0.002979204	6.17E-06	9
219.1327	1.1805	11	45	52G7	0.002979204	6.17E-06	10
174.9926	1.3767	11	45	52G7	0.002979204	6.17E-06	11
154.2026	1.3283	11	45	52G7	0.002979204	6.17E-06	12
232.5557	3.2344	11	45	52G7	0.002979204	6.17E-06	13
231.7886	3.0435	11	45	52G7	0.002979204	6.17E-06	14
308.4697	0.4562	11	40	52G7	0.002647496	5.49E-06	15
414.0389	2.7827	11	45	52G7	0.002979204	6.17E-06	16
362.7953	3.1691	11	45	52G7	0.002979204	6.17E-06	17
430.209	2.0218	11	40	52G7	0.002647496	5.49E-06	18
NA	NA	11	NA	52G7	482.5450465	0.99988613	19
17.7874	0	12	30	52G8	0.001984594	2.33E-06	1
94.4092	0	12	30	52G8	0.001984594	2.33E-06	2
1307.556	0	12	30	52G8	0.001984594	2.33E-06	3
360.2484	0	12	30	52G8	0.001984594	2.33E-06	4
20.1055	0	12	25	52G8	0.0016534	1.94E-06	5
28.8735	0	12	30	52G8	0.001984594	2.33E-06	6
1126.099	0	12	30	52G8	0.001984594	2.33E-06	7
65.6227	0	12	30	52G8	0.001984594	2.33E-06	8
37.6591	0	12	30	52G8	0.001984594	2.33E-06	9
15.0432	0.5988	12	40	52G8	0.002647496	3.11E-06	10
45.2941	222.9382	12	45	52G8	0.002979204	3.50E-06	11
158.6942	472.8994	12	45	52G8	0.002979204	3.50E-06	12
175.3055	502.2557	12	50	52G8	0.003311083	3.89E-06	13
10.1041	195.0128	12	50	52G8	0.003311083	3.89E-06	14
86.9838	246.2854	12	50	52G8	0.003311083	3.89E-06	15
519.4843	137.6177	12	50	52G8	0.003311083	3.89E-06	16
707.3061	140.8088	12	50	52G8	0.003311083	3.89E-06	17
207.4986	6.8362	12	50	52G8	0.003311083	3.89E-06	18
147.0248	3.9956	12	50	52G8	0.003311083	3.89E-06	19
106.0031	3.4027	12	50	52G8	0.003311083	3.89E-06	20
165.9205	4.0813	12	50	52G8	0.003311083	3.89E-06	21
99.1655	3.5082	12	50	52G8	0.003311083	3.89E-06	22
107.7971	2.1256	12	50	52G8	0.003311083	3.89E-06	23
110.9722	1.5254	12	50	52G8	0.003311083	3.89E-06	24
238.0408	4.2078	12	45	52G8	0.002979204	3.50E-06	25
159.5525	4.1064	12	45	52G8	0.002979204	3.50E-06	26
246.378	2.7091	12	45	52G8	0.002979204	3.50E-06	27
316.0741	5.9246	12	45	52G8	0.002979204	3.50E-06	28
245.052	7.6702	12	50	52G8	0.003311083	3.89E-06	29
285.2855	10.3089	12	45	52G8	0.002979204	3.50E-06	30
438.9355	10.5481	12	45	52G8	0.002979204	3.50E-06	31
415.508	12.4714	12	45	52G8	0.002979204	3.50E-06	32
325.5757	7.339	12	45	52G8	0.002979204	3.50E-06	33
379.933	10.093	12	40	52G8	0.002647496	3.11E-06	34
502.0956	17.6951	12	40	52G8	0.002647496	3.11E-06	35
710.3379	17.4413	12	40	52G8	0.002647496	3.11E-06	36
672.4632	29.2288	12	40	52G8	0.002647496	3.11E-06	37
860.7279	39.0871	12	40	52G8	0.002647496	3.11E-06	38
560.5857	27.0753	12	40	52G8	0.002647496	3.11E-06	39
630.8863	29.7186	12	40	52G8	0.002647496	3.11E-06	40
508.6068	47.2066	12	40	52G8	0.002647496	3.11E-06	41
691.7144	41.6372	12	35	52G8	0.002315959	2.72E-06	42
522.0341	8.5355	12	35	52G8	0.002315959	2.72E-06	43
649.9687	0	12	30	52G8	0.001984594	2.33E-06	44
730.5931	15.4067	12	35	52G8	0.002315959	2.72E-06	45
447.9822	42.9655	12	35	52G8	0.002315959	2.72E-06	46
573.8613	7.5178	12	35	52G8	0.002315959	2.72E-06	47
487.6954	24.4963	12	35	52G8	0.002315959	2.72E-06	48
467.1183	111.7395	12	35	52G8	0.002315959	2.72E-06	49
669.1581	18.7447	12	35	52G8	0.002315959	2.72E-06	50
568.6197	59.6554	12	35	52G8	0.002315959	2.72E-06	51
523.9512	122.1756	12	35	52G8	0.002315959	2.72E-06	52
369.9661	107.7586	12	35	52G8	0.002315959	2.72E-06	53
376.8765	62.2316	12	35	52G8	0.002315959	2.72E-06	54
195.1604	33.7467	12	35	52G8	0.002315959	2.72E-06	55
254.487	1.5424	12	35	52G8	0.002315959	2.72E-06	56
331.1703	0.6994	12	35	52G8	0.002315959	2.72E-06	57
421.9839	10.0568	12	35	52G8	0.002315959	2.72E-06	58
NA	NA	12	NA	52G8	851.8467663	0.999820148	59
175.9644	180.1575	13	60	52G9	0.003975356	4.67E-06	1
130.9972	118.7383	13	60	52G9	0.003975356	4.67E-06	2
194.3001	106.5486	13	55	52G9	0.003643134	4.28E-06	3
190.0035	161.1031	13	55	52G9	0.003643134	4.28E-06	4
991.0389	221.2729	13	50	52G9	0.003311083	3.89E-06	5
258.7744	107.8093	13	50	52G9	0.003311083	3.89E-06	6
117.7072	93.5591	13	45	52G9	0.002979204	3.50E-06	7
110.1982	55.6122	13	45	52G9	0.002979204	3.50E-06	8
33.4374	57.7423	13	45	52G9	0.002979204	3.50E-06	9
87.2009	158.849	13	40	52G9	0.002647496	3.11E-06	10
197.7711	224.2835	13	40	52G9	0.002647496	3.11E-06	11
219.6577	99.6875	13	40	52G9	0.002647496	3.11E-06	12
58.6041	46.0578	13	40	52G9	0.002647496	3.11E-06	13
33.8861	121.2104	13	40	52G9	0.002647496	3.11E-06	14
43.1861	35.0745	13	40	52G9	0.002647496	3.11E-06	15
185.1147	48.7033	13	40	52G9	0.002647496	3.11E-06	16
854.9233	0.3571	13	35	52G9	0.002315959	2.72E-06	17
149.4402	5.1907	13	35	52G9	0.002315959	2.72E-06	18
219.1141	27.9641	13	40	52G9	0.002647496	3.11E-06	19
59.5014	31.151	13	45	52G9	0.002979204	3.50E-06	20
345.2374	225.9243	13	45	52G9	0.002979204	3.50E-06	21
54.6687	0	13	35	52G9	0.002315959	2.72E-06	22
9.8446	0	13	25	52G9	0.0016534	1.94E-06	23
301.4266	0	13	25	52G9	0.0016534	1.94E-06	24
6.5014	0	13	25	52G9	0.0016534	1.94E-06	25
189.4837	1.8104	13	35	52G9	0.002315959	2.72E-06	26
68.067	0.0376	13	35	52G9	0.002315959	2.72E-06	27
39.7658	284.3653	13	50	52G9	0.003311083	3.89E-06	28
77.2769	706.3566	13	55	52G9	0.003643134	4.28E-06	29
112.0803	683.8881	13	55	52G9	0.003643134	4.28E-06	30
152.7839	480.3598	13	55	52G9	0.003643134	4.28E-06	31
111.4254	414.8048	13	50	52G9	0.003311083	3.89E-06	32
209.0146	299.9701	13	50	52G9	0.003311083	3.89E-06	33
216.1408	241.6292	13	50	52G9	0.003311083	3.89E-06	34
226.6314	224.139	13	45	52G9	0.002979204	3.50E-06	35
305.966	183.8222	13	45	52G9	0.002979204	3.50E-06	36
208.3617	141.4813	13	45	52G9	0.002979204	3.50E-06	37
154.3193	212.2011	13	45	52G9	0.002979204	3.50E-06	38
137.9106	167.5035	13	45	52G9	0.002979204	3.50E-06	39
248.6954	122.7047	13	45	52G9	0.002979204	3.50E-06	40
184.7223	91.9791	13	50	52G9	0.003311083	3.89E-06	41
265.7698	105.8151	13	45	52G9	0.002979204	3.50E-06	42
376.3359	193.5655	13	50	52G9	0.003311083	3.89E-06	43
325.5535	130.3453	13	55	52G9	0.003643134	4.28E-06	44
344.8831	335.4553	13	65	52G9	0.004307749	5.06E-06	45
741.3181	203.8627	13	70	52G9	0.004640313	5.45E-06	46
314.4336	171.7477	13	70	52G9	0.004640313	5.45E-06	47
NA	NA	13	NA	52G9	851.856643	0.999831741	48
734.8873	87.6203	14	45	52H0	0.002979204	3.50E-06	1
999.9135	33.2999	14	45	52H0	0.002979204	3.50E-06	2
693.1748	40.2907	14	45	52H0	0.002979204	3.50E-06	3
325.3734	91.4361	14	45	52H0	0.002979204	3.50E-06	4
266.4075	174.2789	14	45	52H0	0.002979204	3.50E-06	5
370.0153	67.876	14	45	52H0	0.002979204	3.50E-06	6
859.0087	156.7047	14	45	52H0	0.002979204	3.50E-06	7
1047.1095	153.331	14	50	52H0	0.003311083	3.89E-06	8
679.2134	60.7432	14	60	52H0	0.003975356	4.67E-06	9
571.208	98.919	14	60	52H0	0.003975356	4.67E-06	10
360.0002	65.3054	14	55	52H0	0.003643134	4.28E-06	11
275.7712	185.9668	14	60	52H0	0.003975356	4.67E-06	12
318.1956	216.2773	14	65	52H0	0.004307749	5.06E-06	13
300.1048	387.9886	14	75	52H0	0.004973049	5.84E-06	14
450.6172	387.2432	14	75	52H0	0.004973049	5.84E-06	15
439.0806	201.8548	14	75	52H0	0.004973049	5.84E-06	16
206.0708	133.9384	14	70	52H0	0.004640313	5.45E-06	17
62.3112	171.383	14	75	52H0	0.004973049	5.84E-06	18
103.7116	132.1636	14	85	52H0	0.005639035	6.62E-06	19
96.9118	209.4162	14	80	52H0	0.005305956	6.23E-06	20
145.1462	129.6934	14	80	52H0	0.005305956	6.23E-06	21
453.4781	65.6307	14	75	52H0	0.004973049	5.84E-06	22
741.1016	65.1007	14	70	52H0	0.004640313	5.45E-06	23
126.7055	155.0037	14	60	52H0	0.003975356	4.67E-06	24
907.6112	113.6329	14	70	52H0	0.004640313	5.45E-06	25
525.3888	130.8517	14	70	52H0	0.004640313	5.45E-06	26
567.0071	169.6355	14	70	52H0	0.004640313	5.45E-06	27
1144.0681	66.5213	14	70	52H0	0.004640313	5.45E-06	28
1725.4526	95.7772	14	70	52H0	0.004640313	5.45E-06	29
740.5729	150.6283	14	70	52H0	0.004640313	5.45E-06	30
757.6481	184.9974	14	70	52H0	0.004640313	5.45E-06	31
696.6297	148.5865	14	70	52H0	0.004640313	5.45E-06	32
648.6901	192.026	14	70	52H0	0.004640313	5.45E-06	33
319.0494	371.5324	14	75	52H0	0.004973049	5.84E-06	34
240.1023	186.4131	14	70	52H0	0.004640313	5.45E-06	35
849.2551	125.3287	14	70	52H0	0.004640313	5.45E-06	36
701.7179	92.3538	14	75	52H0	0.004973049	5.84E-06	37
974.3178	199.1945	14	70	52H0	0.004640313	5.45E-06	38
168.1361	194.906	14	65	52H0	0.004307749	5.06E-06	39
501.2	117.618	14	60	52H0	0.003975356	4.67E-06	40
1091.0408	240.9538	14	60	52H0	0.003975356	4.67E-06	41
1352.8182	277.6186	14	60	52H0	0.003975356	4.67E-06	42
171.9726	144.3961	14	65	52H0	0.004307749	5.06E-06	43
501.8613	215.8815	14	60	52H0	0.003975356	4.67E-06	44
321.5464	131.6008	14	60	52H0	0.003975356	4.67E-06	45
360.4601	181.771	14	60	52H0	0.003975356	4.67E-06	46
351.3458	136.2238	14	55	52H0	0.003643134	4.28E-06	47
392.3227	88.3396	14	55	52H0	0.003643134	4.28E-06	48
463.5568	118.5361	14	50	52H0	0.003311083	3.89E-06	49
147.4756	72.724	14	50	52H0	0.003311083	3.89E-06	50
130.5719	28.7968	14	45	52H0	0.002979204	3.50E-06	51
215.9884	16.7337	14	45	52H0	0.002979204	3.50E-06	52
325.4891	76.1039	14	40	52H0	0.002647496	3.11E-06	53
953.2872	52.1697	14	40	52H0	0.002647496	3.11E-06	54
503.4991	44.0691	14	45	52H0	0.002979204	3.50E-06	55
NA	NA	14	NA	52H0	851.7753468	0.999736323	56
NA	NA	15	NA	52H1	263.89998	0.999999924	1
NA	NA	15	NA	52H1	1.00E-05	3.79E-08	2
NA	NA	15	NA	52H1	1.00E-05	3.79E-08	3
270.319	574.3611	16	55	53G7	0.003643134	1.03E-05	1
87.4281	294.0105	16	50	53G7	0.003311083	9.34E-06	2
195.4587	288.633	16	50	53G7	0.003311083	9.34E-06	3
41.2696	101.1905	16	45	53G7	0.002979204	8.40E-06	4
8.2754	59.0854	16	45	53G7	0.002979204	8.40E-06	5
21.7629	166.3315	16	50	53G7	0.003311083	9.34E-06	6
21.123	185.9732	16	50	53G7	0.003311083	9.34E-06	7
547.9492	290.2448	16	45	53G7	0.002979204	8.40E-06	8
1003.5031	101.4901	16	50	53G7	0.003311083	9.34E-06	9
1218.8528	320.8609	16	60	53G7	0.003975356	1.12E-05	10
1128.2766	308.6772	16	50	53G7	0.003311083	9.34E-06	11
415.6386	280.5557	16	50	53G7	0.003311083	9.34E-06	12
766.2791	573.2014	16	45	53G7	0.002979204	8.40E-06	13
320.1387	345.4823	16	45	53G7	0.002979204	8.40E-06	14
1046.1882	337.742	16	45	53G7	0.002979204	8.40E-06	15
1120.2882	140.4404	16	50	53G7	0.003311083	9.34E-06	16
1124.6444	127.6144	16	50	53G7	0.003311083	9.34E-06	17
2177.7709	51.2287	16	40	53G7	0.002647496	7.47E-06	18
1507.1875	39.8675	16	45	53G7	0.002979204	8.40E-06	19
1048.8089	24.7675	16	45	53G7	0.002979204	8.40E-06	20
1617.628	77.0316	16	45	53G7	0.002979204	8.40E-06	21
874.7564	13.4989	16	50	53G7	0.003311083	9.34E-06	22
NA	NA	16	NA	53G7	354.4298103	0.999802004	23
1734.0419	657.6378	17	60	53G8	0.003975356	4.74E-06	1
50.9386	244.4756	17	60	53G8	0.003975356	4.74E-06	2
13.3106	351.3124	17	65	53G8	0.004307749	5.14E-06	3
29.0208	289.9942	17	60	53G8	0.003975356	4.74E-06	4
24.1057	319.5365	17	60	53G8	0.003975356	4.74E-06	5
35.0216	149.8853	17	60	53G8	0.003975356	4.74E-06	6
367.6039	143.5527	17	55	53G8	0.003643134	4.35E-06	7
1217.0985	579.0481	17	55	53G8	0.003643134	4.35E-06	8
1392.1473	465.4105	17	55	53G8	0.003643134	4.35E-06	9
235.3374	456.4264	17	55	53G8	0.003643134	4.35E-06	10
48.8286	269.3554	17	50	53G8	0.003311083	3.95E-06	11
105.2882	375.4756	17	50	53G8	0.003311083	3.95E-06	12
5.2712	187.0829	17	50	53G8	0.003311083	3.95E-06	13
2.1664	48.8911	17	50	53G8	0.003311083	3.95E-06	14
35.0621	71.6941	17	50	53G8	0.003311083	3.95E-06	15
21.5398	95.2592	17	45	53G8	0.002979204	3.55E-06	16
42.3169	10.2593	17	40	53G8	0.002647496	3.16E-06	17
190.7464	8.0767	17	40	53G8	0.002647496	3.16E-06	18
87.1444	5.8458	17	40	53G8	0.002647496	3.16E-06	19
47.9351	93.976	17	40	53G8	0.002647496	3.16E-06	20
17.9074	46.8846	17	45	53G8	0.002979204	3.55E-06	21
25.4246	303.2895	17	55	53G8	0.003643134	4.35E-06	22
545.3011	128.4321	17	55	53G8	0.003643134	4.35E-06	23
63.8972	125.1856	17	55	53G8	0.003643134	4.35E-06	24
14.6878	398.924	17	55	53G8	0.003643134	4.35E-06	25
131.8857	354.8843	17	55	53G8	0.003643134	4.35E-06	26
572.1745	4.811	17	50	53G8	0.003311083	3.95E-06	27
528.5322	3.8266	17	50	53G8	0.003311083	3.95E-06	28
495.0235	5.5767	17	50	53G8	0.003311083	3.95E-06	29
444.6248	4.7612	17	50	53G8	0.003311083	3.95E-06	30
494.497	2.0199	17	50	53G8	0.003311083	3.95E-06	31
595.126	5.6305	17	55	53G8	0.003643134	4.35E-06	32
705.3258	5.0297	17	55	53G8	0.003643134	4.35E-06	33
593.2998	6.0677	17	50	53G8	0.003311083	3.95E-06	34
399.3259	2.5037	17	55	53G8	0.003643134	4.35E-06	35
314.0232	3.5234	17	55	53G8	0.003643134	4.35E-06	36
412.1182	3.2157	17	55	53G8	0.003643134	4.35E-06	37
508.0281	4.4086	17	50	53G8	0.003311083	3.95E-06	38
444.3026	5.6645	17	55	53G8	0.003643134	4.35E-06	39
473.8776	5.6619	17	50	53G8	0.003311083	3.95E-06	40
517.2453	6.4773	17	50	53G8	0.003311083	3.95E-06	41
588.8829	7.5167	17	55	53G8	0.003643134	4.35E-06	42
420.4203	12.689	17	60	53G8	0.003975356	4.74E-06	43
605.0385	4.5084	17	55	53G8	0.003643134	4.35E-06	44
568.3284	7.9945	17	55	53G8	0.003643134	4.35E-06	45
981.4257	9.449	17	55	53G8	0.003643134	4.35E-06	46
851.533	15.0911	17	40	53G8	0.002647496	3.16E-06	47
653.2429	5.1026	17	45	53G8	0.002979204	3.55E-06	48
456.422	6.4521	17	45	53G8	0.002979204	3.55E-06	49
498.6623	4.8287	17	45	53G8	0.002979204	3.55E-06	50
725.2894	13.2814	17	50	53G8	0.003311083	3.95E-06	51
NA	NA	17	NA	53G8	837.9248208	0.999790981	52
81.7831	84.246	18	85	53G9	0.005639035	6.73E-06	1
43.3238	85.7941	18	80	53G9	0.005305956	6.33E-06	2
85.9315	76.6576	18	70	53G9	0.004640313	5.54E-06	3
303.5689	55.3949	18	70	53G9	0.004640313	5.54E-06	4
281.8644	104.0771	18	75	53G9	0.004973049	5.93E-06	5
914.7347	127.0347	18	65	53G9	0.004307749	5.14E-06	6
1025.6084	212.2033	18	70	53G9	0.004640313	5.54E-06	7
1040.0767	146.2149	18	65	53G9	0.004307749	5.14E-06	8
523.8545	138.0719	18	65	53G9	0.004307749	5.14E-06	9
796.9681	179.7979	18	65	53G9	0.004307749	5.14E-06	10
357.3216	218.7725	18	80	53G9	0.005305956	6.33E-06	11
80.4234	220.3485	18	70	53G9	0.004640313	5.54E-06	12
87.4768	180.3183	18	60	53G9	0.003975356	4.74E-06	13
176.5657	227.2313	18	65	53G9	0.004307749	5.14E-06	14
152.4612	249.8737	18	70	53G9	0.004640313	5.54E-06	15
62.9366	233.4718	18	65	53G9	0.004307749	5.14E-06	16
158.471	340.5903	18	60	53G9	0.003975356	4.74E-06	17
410.8643	202.1393	18	55	53G9	0.003643134	4.35E-06	18
240.2723	235.8091	18	55	53G9	0.003643134	4.35E-06	19
375.0221	154.7223	18	60	53G9	0.003975356	4.74E-06	20
1066.3218	93.8553	18	55	53G9	0.003643134	4.35E-06	21
65.8782	285.8926	18	70	53G9	0.004640313	5.54E-06	22
104.1625	203.0193	18	70	53G9	0.004640313	5.54E-06	23
198.0348	57.4374	18	65	53G9	0.004307749	5.14E-06	24
239.4789	259.691	18	65	53G9	0.004307749	5.14E-06	25
90.5293	256.3262	18	60	53G9	0.003975356	4.74E-06	26
324.2919	128.723	18	60	53G9	0.003975356	4.74E-06	27
79.2956	278.9743	18	65	53G9	0.004307749	5.14E-06	28
496.3307	307.1495	18	65	53G9	0.004307749	5.14E-06	29
48.365	409.5008	18	55	53G9	0.003643134	4.35E-06	30
248.0624	520.4411	18	55	53G9	0.003643134	4.35E-06	31
84.953	598.8069	18	55	53G9	0.003643134	4.35E-06	32
52.4875	547.5095	18	60	53G9	0.003975356	4.74E-06	33
49.4471	312.8518	18	60	53G9	0.003975356	4.74E-06	34
640.4672	7.8583	18	50	53G9	0.003311083	3.95E-06	35
689.6087	8.8607	18	50	53G9	0.003311083	3.95E-06	36
852.7064	48.505	18	50	53G9	0.003311083	3.95E-06	37
953.7825	25.5712	18	50	53G9	0.003311083	3.95E-06	38
1036.3497	134.7569	18	50	53G9	0.003311083	3.95E-06	39
1450.6493	13.2724	18	45	53G9	0.002979204	3.55E-06	40
1296.1647	18.7387	18	45	53G9	0.002979204	3.55E-06	41
1046.1825	993.3915	18	45	53G9	0.002979204	3.55E-06	42
1113.8008	39.6562	18	45	53G9	0.002979204	3.55E-06	43
870.8931	13.0744	18	45	53G9	0.002979204	3.55E-06	44
846.6352	15.1574	18	45	53G9	0.002979204	3.55E-06	45
726.7354	10.7313	18	40	53G9	0.002647496	3.16E-06	46
745.1308	11.3803	18	40	53G9	0.002647496	3.16E-06	47
683.9499	9.8439	18	45	53G9	0.002979204	3.55E-06	48
623.3318	13.4611	18	40	53G9	0.002647496	3.16E-06	49
640.9658	18.9047	18	45	53G9	0.002979204	3.55E-06	50
749.6574	21.2755	18	50	53G9	0.003311083	3.95E-06	51
545.2741	25.7098	18	55	53G9	0.003643134	4.35E-06	52
419.6315	25.4126	18	55	53G9	0.003643134	4.35E-06	53
299.5121	30.1736	18	50	53G9	0.003311083	3.95E-06	54
543.2369	19.3935	18	55	53G9	0.003643134	4.35E-06	55
425.7398	24.2598	18	55	53G9	0.003643134	4.35E-06	56
425.232	19.6727	18	60	53G9	0.003975356	4.74E-06	57
400.1631	15.1127	18	60	53G9	0.003975356	4.74E-06	58
417.4768	175.2677	18	70	53G9	0.004640313	5.54E-06	59
443.3577	7.3421	18	65	53G9	0.004307749	5.14E-06	60
419.6686	4.7108	18	65	53G9	0.004307749	5.14E-06	61
365.4477	3.5843	18	70	53G9	0.004640313	5.54E-06	62
449.1108	6.9208	18	70	53G9	0.004640313	5.54E-06	63
513.2042	17.8095	18	75	53G9	0.004973049	5.93E-06	64
556.0275	12.3109	18	80	53G9	0.005305956	6.33E-06	65
651.5682	41.6167	18	80	53G9	0.005305956	6.33E-06	66
NA	NA	18	NA	53G9	837.8379317	0.999687307	67
1446.8487	17.616	19	40	53H0	0.002647496	3.16E-06	1
1514.7289	29.0228	19	45	53H0	0.002979204	3.55E-06	2
1253.9061	23.75	19	45	53H0	0.002979204	3.55E-06	3
777.0459	18.0468	19	45	53H0	0.002979204	3.55E-06	4
784.0463	12.9	19	45	53H0	0.002979204	3.55E-06	5
887.7209	18.0948	19	45	53H0	0.002979204	3.55E-06	6
1057.1381	20.5199	19	45	53H0	0.002979204	3.55E-06	7
833.7606	15.6713	19	50	53H0	0.003311083	3.95E-06	8
705.342	10.4699	19	55	53H0	0.003643134	4.35E-06	9
720.5006	12.3017	19	55	53H0	0.003643134	4.35E-06	10
762.011	8.6033	19	60	53H0	0.003975356	4.74E-06	11
1065.9054	11.6297	19	60	53H0	0.003975356	4.74E-06	12
672.2931	17.8139	19	60	53H0	0.003975356	4.74E-06	13
592.0431	18.5456	19	55	53H0	0.003643134	4.35E-06	14
528.7975	22.9223	19	55	53H0	0.003643134	4.35E-06	15
549.0848	30.6771	19	55	53H0	0.003643134	4.35E-06	16
636.9013	65.8833	19	60	53H0	0.003975356	4.74E-06	17
516.6586	54.303	19	65	53H0	0.004307749	5.14E-06	18
572.8183	64.837	19	65	53H0	0.004307749	5.14E-06	19
678.9382	80.0536	19	65	53H0	0.004307749	5.14E-06	20
314.7604	90.3569	19	65	53H0	0.004307749	5.14E-06	21
418.3898	79.1736	19	65	53H0	0.004307749	5.14E-06	22
342.9627	69.6854	19	70	53H0	0.004640313	5.54E-06	23
435.2503	80.4589	19	70	53H0	0.004640313	5.54E-06	24
41.2169	84.5394	19	70	53H0	0.004640313	5.54E-06	25
165.9669	82.2394	19	75	53H0	0.004973049	5.93E-06	26
163.7449	92.6216	19	80	53H0	0.005305956	6.33E-06	27
79.9301	405.5455	19	80	53H0	0.005305956	6.33E-06	28
684.1422	12.7777	19	80	53H0	0.005305956	6.33E-06	29
733.6617	25.0507	19	80	53H0	0.005305956	6.33E-06	30
381.1417	48.2476	19	85	53H0	0.005639035	6.73E-06	31
647.3217	313.7253	19	80	53H0	0.005305956	6.33E-06	32
389.6087	159.7913	19	80	53H0	0.005305956	6.33E-06	33
2321.4234	103.7225	19	80	53H0	0.005305956	6.33E-06	34
89.5583	752.8905	19	75	53H0	0.004973049	5.93E-06	35
95.406	801.458	19	75	53H0	0.004973049	5.93E-06	36
189.4838	106.1982	19	70	53H0	0.004640313	5.54E-06	37
365.7639	91.9623	19	65	53H0	0.004307749	5.14E-06	38
377.6966	62.8383	19	65	53H0	0.004307749	5.14E-06	39
367.5278	63.8446	19	60	53H0	0.003975356	4.74E-06	40
367.943	55.4071	19	60	53H0	0.003975356	4.74E-06	41
220.265	78.7549	19	60	53H0	0.003975356	4.74E-06	42
461.0745	362.5516	19	60	53H0	0.003975356	4.74E-06	43
520.6257	47.9553	19	55	53H0	0.003643134	4.35E-06	44
443.5908	56.3091	19	55	53H0	0.003643134	4.35E-06	45
181.4196	752.805	19	50	53H0	0.003311083	3.95E-06	46
168.064	45.0123	19	45	53H0	0.002979204	3.55E-06	47
1482.2437	29.1657	19	45	53H0	0.002979204	3.55E-06	48
1269.2165	1174.0342	19	45	53H0	0.002979204	3.55E-06	49
1016.7573	40.7585	19	40	53H0	0.002647496	3.16E-06	50
666.3094	55.4847	19	40	53H0	0.002647496	3.16E-06	51
601.3024	113.8935	19	40	53H0	0.002647496	3.16E-06	52
3205.0367	52.9654	19	45	53H0	0.002979204	3.55E-06	53
1084.4596	21.0531	19	45	53H0	0.002979204	3.55E-06	54
648.9818	21.8582	19	45	53H0	0.002979204	3.55E-06	55
643.0255	41.7815	19	45	53H0	0.002979204	3.55E-06	56
NA	NA	19	NA	53H0	837.880338	0.999737905	57
NA	NA	20	NA	53H1	126.59998	0.999999842	1
NA	NA	20	NA	53H1	1.00E-05	7.90E-08	2
NA	NA	20	NA	53H1	1.00E-05	7.90E-08	3
NA	NA	21	NA	54G7	13.19998	0.999998485	1
NA	NA	21	NA	54G7	1.00E-05	7.58E-07	2
NA	NA	21	NA	54G7	1.00E-05	7.58E-07	3
411.4526	5.8114	22	60	54G8	0.003975356	6.19E-06	1
319.6246	15.0435	22	60	54G8	0.003975356	6.19E-06	2
592.7325	29.7865	22	60	54G8	0.003975356	6.19E-06	3
341.8824	15.9487	22	65	54G8	0.004307749	6.71E-06	4
265.032	20.4727	22	65	54G8	0.004307749	6.71E-06	5
284.695	23.9582	22	60	54G8	0.003975356	6.19E-06	6
492.4413	35.5624	22	50	54G8	0.003311083	5.16E-06	7
322.887	18.2527	22	65	54G8	0.004307749	6.71E-06	8
399.4218	8.4048	22	70	54G8	0.004640313	7.23E-06	9
255.8033	10.1064	22	75	54G8	0.004973049	7.74E-06	10
258.2796	10.7608	22	75	54G8	0.004973049	7.74E-06	11
438.91	7.6851	22	75	54G8	0.004973049	7.74E-06	12
211.6621	5.0237	22	55	54G8	0.003643134	5.67E-06	13
114.0124	6.1898	22	85	54G8	0.005639035	8.78E-06	14
134.7826	7.8617	22	95	54G8	0.006305706	9.82E-06	15
164.8107	9.1123	22	75	54G8	0.004973049	7.74E-06	16
181.3622	4.591	22	75	54G8	0.004973049	7.74E-06	17
102.4716	6.0433	22	75	54G8	0.004973049	7.74E-06	18
158.4093	3.3621	22	75	54G8	0.004973049	7.74E-06	19
113.3635	2.8145	22	90	54G8	0.005972285	9.30E-06	20
191.0006	3.7851	22	85	54G8	0.005639035	8.78E-06	21
286.2773	3.168	22	85	54G8	0.005639035	8.78E-06	22
412.001	2.4275	22	100	54G8	0.006639298	1.03E-05	23
267.8703	5.5074	22	105	54G8	0.006973062	1.09E-05	24
238.9327	8.3212	22	95	54G8	0.006305706	9.82E-06	25
161.0379	2.6349	22	85	54G8	0.005639035	8.78E-06	26
142.0625	7.7989	22	115	54G8	0.007641104	1.19E-05	27
229.062	48.4821	22	95	54G8	0.006305706	9.82E-06	28
158.1426	39.8478	22	105	54G8	0.006973062	1.09E-05	29
232.7008	34.4136	22	90	54G8	0.005972285	9.30E-06	30
316.9622	24.1285	22	90	54G8	0.005972285	9.30E-06	31
471.2883	17.3701	22	90	54G8	0.005972285	9.30E-06	32
2695.6906	13.6568	22	85	54G8	0.005639035	8.78E-06	33
1411.8218	84.3575	22	90	54G8	0.005972285	9.30E-06	34
1601.9502	2.15	22	105	54G8	0.006973062	1.09E-05	35
981.7695	6.0073	22	105	54G8	0.006973062	1.09E-05	36
512.058	6.5824	22	95	54G8	0.006305706	9.82E-06	37
419.5661	3.3831	22	100	54G8	0.006639298	1.03E-05	38
604.3845	104.4116	22	105	54G8	0.006973062	1.09E-05	39
116.982	99.7427	22	110	54G8	0.007306997	1.14E-05	40
235.8459	97.4186	22	110	54G8	0.007306997	1.14E-05	41
109.8178	82.4121	22	90	54G8	0.005972285	9.30E-06	42
149.6488	63.9966	22	95	54G8	0.006305706	9.82E-06	43
110.4121	69.9619	22	90	54G8	0.005972285	9.30E-06	44
1196.9048	76.2095	22	85	54G8	0.005639035	8.78E-06	45
1492.3455	60.875	22	85	54G8	0.005639035	8.78E-06	46
197.5382	44.3657	22	80	54G8	0.005305956	8.26E-06	47
1212.0192	91.6477	22	75	54G8	0.004973049	7.74E-06	48
383.738	2.1083	22	110	54G8	0.007306997	1.14E-05	49
589.6175	2.6778	22	110	54G8	0.007306997	1.14E-05	50
970.4502	2.8509	22	105	54G8	0.006973062	1.09E-05	51
676.1479	2.4752	22	105	54G8	0.006973062	1.09E-05	52
NA	NA	22	NA	54G8	641.9027236	0.999537097	53
280.7892	12.6829	23	115	54G9	0.007641104	9.27E-06	1
531.7894	94.1528	23	90	54G9	0.005972285	7.25E-06	2
85.4555	90.1482	23	115	54G9	0.007641104	9.27E-06	3
104.2875	54.3006	23	85	54G9	0.005639035	6.84E-06	4
776.5742	5.0366	23	105	54G9	0.006973062	8.46E-06	5
464.2097	1.8268	23	105	54G9	0.006973062	8.46E-06	6
441.0879	12.6205	23	110	54G9	0.007306997	8.87E-06	7
660.1654	3.3551	23	105	54G9	0.006973062	8.46E-06	8
539.3041	1.8744	23	95	54G9	0.006305706	7.65E-06	9
495.3099	1.9816	23	100	54G9	0.006639298	8.06E-06	10
365.8655	1.8211	23	95	54G9	0.006305706	7.65E-06	11
448.7307	3.8491	23	90	54G9	0.005972285	7.25E-06	12
534.8034	4.1757	23	90	54G9	0.005972285	7.25E-06	13
562.1139	5.7634	23	85	54G9	0.005639035	6.84E-06	14
520.1101	5.2411	23	85	54G9	0.005639035	6.84E-06	15
454.7929	7.1814	23	85	54G9	0.005639035	6.84E-06	16
282.3589	250.9443	23	80	54G9	0.005305956	6.44E-06	17
126.8566	245.9107	23	70	54G9	0.004640313	5.63E-06	18
80.7051	377.1382	23	75	54G9	0.004973049	6.03E-06	19
1128.9209	44.61	23	75	54G9	0.004973049	6.03E-06	20
373.6882	93.154	23	70	54G9	0.004640313	5.63E-06	21
1563.2782	84.8708	23	80	54G9	0.005305956	6.44E-06	22
366.8454	247.6446	23	80	54G9	0.005305956	6.44E-06	23
182.9816	123.5214	23	80	54G9	0.005305956	6.44E-06	24
550.4568	165.0128	23	75	54G9	0.004973049	6.03E-06	25
178.947	183.1222	23	75	54G9	0.004973049	6.03E-06	26
919.3505	167.1664	23	75	54G9	0.004973049	6.03E-06	27
55.2631	264.2621	23	75	54G9	0.004973049	6.03E-06	28
167.2905	462.8147	23	60	54G9	0.003975356	4.82E-06	29
106.4685	405.7818	23	55	54G9	0.003643134	4.42E-06	30
88.9905	76.2512	23	65	54G9	0.004307749	5.23E-06	31
35.3987	462.1638	23	70	54G9	0.004640313	5.63E-06	32
49.8556	320.8877	23	70	54G9	0.004640313	5.63E-06	33
48.21	187.742	23	70	54G9	0.004640313	5.63E-06	34
87.4715	84.5372	23	70	54G9	0.004640313	5.63E-06	35
33.9443	81.2773	23	80	54G9	0.005305956	6.44E-06	36
511.2513	95.3556	23	85	54G9	0.005639035	6.84E-06	37
19.8656	139.9747	23	85	54G9	0.005639035	6.84E-06	38
31.2186	92.5793	23	85	54G9	0.005639035	6.84E-06	39
53.9902	305.7969	23	85	54G9	0.005639035	6.84E-06	40
53.3264	93.3887	23	90	54G9	0.005972285	7.25E-06	41
111.4026	200.7029	23	95	54G9	0.006305706	7.65E-06	42
750.3194	105.6355	23	90	54G9	0.005972285	7.25E-06	43
324.3587	96.7502	23	95	54G9	0.006305706	7.65E-06	44
81.722	114.586	23	95	54G9	0.006305706	7.65E-06	45
28.9344	109.2146	23	105	54G9	0.006973062	8.46E-06	46
200.6104	107.205	23	105	54G9	0.006973062	8.46E-06	47
189.2461	115.8184	23	100	54G9	0.006639298	8.06E-06	48
324.3715	119.0812	23	105	54G9	0.006973062	8.46E-06	49
484.8585	110.447	23	100	54G9	0.006639298	8.06E-06	50
798.7442	103.3977	23	100	54G9	0.006639298	8.06E-06	51
243.362	3.1881	23	110	54G9	0.007306997	8.87E-06	52
460.3385	7.5714	23	105	54G9	0.006973062	8.46E-06	53
392.5961	8.4216	23	100	54G9	0.006639298	8.06E-06	54
581.1426	9.2326	23	95	54G9	0.006305706	7.65E-06	55
1022.9543	6.2732	23	95	54G9	0.006305706	7.65E-06	56
822.7776	8.6946	23	90	54G9	0.005972285	7.25E-06	57
763.5193	11.5885	23	85	54G9	0.005639035	6.84E-06	58
564.3704	11.9839	23	85	54G9	0.005639035	6.84E-06	59
502.2868	14.4026	23	80	54G9	0.005305956	6.44E-06	60
446.2367	8.9252	23	80	54G9	0.005305956	6.44E-06	61
448.3042	3.3384	23	80	54G9	0.005305956	6.44E-06	62
377.2214	6.7337	23	75	54G9	0.004973049	6.03E-06	63
409.2831	6.0789	23	75	54G9	0.004973049	6.03E-06	64
386.0561	3.0343	23	80	54G9	0.005305956	6.44E-06	65
474.6807	2.9504	23	70	54G9	0.004640313	5.63E-06	66
510.3828	3.4474	23	75	54G9	0.004973049	6.03E-06	67
559.8444	9.297	23	70	54G9	0.004640313	5.63E-06	68
422.6872	9.7682	23	70	54G9	0.004640313	5.63E-06	69
450.0872	4.2421	23	65	54G9	0.004307749	5.23E-06	70
566.0848	3.7046	23	65	54G9	0.004307749	5.23E-06	71
631.9654	8.5393	23	60	54G9	0.003975356	4.82E-06	72
873.1627	9.9742	23	70	54G9	0.004640313	5.63E-06	73
896.6007	7.3775	23	75	54G9	0.004973049	6.03E-06	74
1073.7577	4.9193	23	80	54G9	0.005305956	6.44E-06	75
858.9886	3.0052	23	70	54G9	0.004640313	5.63E-06	76
859.6734	4.3288	23	50	54G9	0.003311083	4.02E-06	77
1281.1232	12.5496	23	55	54G9	0.003643134	4.42E-06	78
NA	NA	23	NA	54G9	823.7664271	0.999473947	79
1061.0934	21.7021	24	55	54H0	0.003643134	5.00E-06	1
780.0957	21.515	24	55	54H0	0.003643134	5.00E-06	2
610.7546	24.0082	24	50	54H0	0.003311083	4.55E-06	3
649.6389	61.7254	24	45	54H0	0.002979204	4.09E-06	4
899.2438	94.7574	24	50	54H0	0.003311083	4.55E-06	5
443.259	35.0603	24	40	54H0	0.002647496	3.64E-06	6
316.0482	32.3035	24	40	54H0	0.002647496	3.64E-06	7
165.3575	28.8273	24	45	54H0	0.002979204	4.09E-06	8
232.4137	3.8554	24	45	54H0	0.002979204	4.09E-06	9
399.9722	22.3359	24	45	54H0	0.002979204	4.09E-06	10
589.3945	21.2171	24	40	54H0	0.002647496	3.64E-06	11
1084.9345	102.4636	24	45	54H0	0.002979204	4.09E-06	12
1172.1616	151.3227	24	45	54H0	0.002979204	4.09E-06	13
641.9807	7.7289	24	40	54H0	0.002647496	3.64E-06	14
1306.9784	2.4313	24	35	54H0	0.002315959	3.18E-06	15
167.6469	0	24	25	54H0	0.0016534	2.27E-06	16
1324.2066	0	24	30	54H0	0.001984594	2.73E-06	17
664.8225	24.7254	24	40	54H0	0.002647496	3.64E-06	18
763.6513	84.4023	24	40	54H0	0.002647496	3.64E-06	19
666.7017	265.8501	24	40	54H0	0.002647496	3.64E-06	20
583.6881	218.5209	24	35	54H0	0.002315959	3.18E-06	21
681.7138	734.2294	24	40	54H0	0.002647496	3.64E-06	22
923.3045	163.0804	24	40	54H0	0.002647496	3.64E-06	23
1692.8466	41.6348	24	35	54H0	0.002315959	3.18E-06	24
450.9645	101.6267	24	40	54H0	0.002647496	3.64E-06	25
1947.9087	495.2017	24	45	54H0	0.002979204	4.09E-06	26
651.6033	1.8782	24	35	54H0	0.002315959	3.18E-06	27
532.3246	87.6041	24	35	54H0	0.002315959	3.18E-06	28
272.1875	30.8844	24	35	54H0	0.002315959	3.18E-06	29
297.1687	141.1786	24	35	54H0	0.002315959	3.18E-06	30
823.0827	97.5966	24	45	54H0	0.002979204	4.09E-06	31
354.8922	53.0252	24	45	54H0	0.002979204	4.09E-06	32
230.9451	32.7195	24	50	54H0	0.003311083	4.55E-06	33
161.684	107.9038	24	55	54H0	0.003643134	5.00E-06	34
86.1796	62.842	24	50	54H0	0.003311083	4.55E-06	35
1037.4715	159.6521	24	55	54H0	0.003643134	5.00E-06	36
448.042	150.811	24	55	54H0	0.003643134	5.00E-06	37
52.8059	313.4866	24	55	54H0	0.003643134	5.00E-06	38
159.2527	142.2859	24	70	54H0	0.004640313	6.37E-06	39
137.1337	141.1126	24	75	54H0	0.004973049	6.83E-06	40
307.1915	81.3044	24	85	54H0	0.005639035	7.75E-06	41
1345.798	10.3244	24	55	54H0	0.003643134	5.00E-06	42
984.7677	7.8482	24	60	54H0	0.003975356	5.46E-06	43
1145.9896	4.8797	24	55	54H0	0.003643134	5.00E-06	44
1230.1277	4.6344	24	55	54H0	0.003643134	5.00E-06	45
1176.8698	4.1151	24	50	54H0	0.003311083	4.55E-06	46
903.8879	10.175	24	55	54H0	0.003643134	5.00E-06	47
862.5142	7.2352	24	55	54H0	0.003643134	5.00E-06	48
509.7633	4.4787	24	45	54H0	0.002979204	4.09E-06	49
743.4496	9.3994	24	45	54H0	0.002979204	4.09E-06	50
999.7449	27.0353	24	45	54H0	0.002979204	4.09E-06	51
1202.0689	27.6176	24	45	54H0	0.002979204	4.09E-06	52
1167.9473	20.9703	24	45	54H0	0.002979204	4.09E-06	53
1514.2707	23.2744	24	40	54H0	0.002647496	3.64E-06	54
1127.5635	21.4421	24	40	54H0	0.002647496	3.64E-06	55
NA	NA	24	NA	54H0	727.7308138	0.99976757	56
NA	NA	25	NA	55G8	103.59998	0.999999807	1
NA	NA	25	NA	55G8	1.00E-05	9.65E-08	2
NA	NA	25	NA	55G8	1.00E-05	9.65E-08	3
204.6003	10.6549	26	90	55G9	0.005972285	9.55E-06	1
197.726	10.5871	26	90	55G9	0.005972285	9.55E-06	2
197.4039	11.2573	26	100	55G9	0.006639298	1.06E-05	3
348.7582	14.7231	26	95	55G9	0.006305706	1.01E-05	4
287.7184	33.3429	26	90	55G9	0.005972285	9.55E-06	5
275.6307	18.7632	26	95	55G9	0.006305706	1.01E-05	6
280.5183	17.4069	26	95	55G9	0.006305706	1.01E-05	7
303.443	17.0094	26	90	55G9	0.005972285	9.55E-06	8
344.8506	22.6603	26	95	55G9	0.006305706	1.01E-05	9
235.2981	22.8004	26	95	55G9	0.006305706	1.01E-05	10
193.5651	25.0875	26	100	55G9	0.006639298	1.06E-05	11
185.89	20.7664	26	100	55G9	0.006639298	1.06E-05	12
237.4412	37.5044	26	100	55G9	0.006639298	1.06E-05	13
234.8575	30.213	26	105	55G9	0.006973062	1.11E-05	14
340.8368	33.0494	26	95	55G9	0.006305706	1.01E-05	15
247.7133	21.9747	26	85	55G9	0.005639035	9.01E-06	16
262.1074	23.6019	26	75	55G9	0.004973049	7.95E-06	17
108.5045	15.8786	26	70	55G9	0.004640313	7.42E-06	18
163.3304	15.6649	26	65	55G9	0.004307749	6.89E-06	19
487.933	25.034	26	75	55G9	0.004973049	7.95E-06	20
1666.3443	51.4719	26	80	55G9	0.005305956	8.48E-06	21
459.6534	74.8756	26	70	55G9	0.004640313	7.42E-06	22
84.0881	77.6419	26	75	55G9	0.004973049	7.95E-06	23
140.1049	74.4539	26	85	55G9	0.005639035	9.01E-06	24
569.2142	87.2808	26	70	55G9	0.004640313	7.42E-06	25
319.1286	118.6307	26	70	55G9	0.004640313	7.42E-06	26
420.0784	198.7827	26	60	55G9	0.003975356	6.35E-06	27
159.0508	195.3166	26	60	55G9	0.003975356	6.35E-06	28
89.1747	257.3379	26	60	55G9	0.003975356	6.35E-06	29
230.4829	269.2464	26	60	55G9	0.003975356	6.35E-06	30
113.1247	271.9352	26	60	55G9	0.003975356	6.35E-06	31
112.437	261.4675	26	65	55G9	0.004307749	6.89E-06	32
56.4	236.2683	26	65	55G9	0.004307749	6.89E-06	33
40.8151	333.1755	26	65	55G9	0.004307749	6.89E-06	34
112.703	382.2092	26	60	55G9	0.003975356	6.35E-06	35
61.4639	195.5509	26	65	55G9	0.004307749	6.89E-06	36
40.7409	171.3481	26	65	55G9	0.004307749	6.89E-06	37
26.6322	190.9537	26	65	55G9	0.004307749	6.89E-06	38
518.7296	476.2496	26	70	55G9	0.004640313	7.42E-06	39
45.2028	247.9479	26	80	55G9	0.005305956	8.48E-06	40
6.3088	127.8447	26	75	55G9	0.004973049	7.95E-06	41
140.0773	463.1887	26	80	55G9	0.005305956	8.48E-06	42
401.6482	358.1216	26	85	55G9	0.005639035	9.01E-06	43
52.9903	84.037	26	85	55G9	0.005639035	9.01E-06	44
100.4321	71.3449	26	90	55G9	0.005972285	9.55E-06	45
74.3162	74.8686	26	95	55G9	0.006305706	1.01E-05	46
71.3344	334.6638	26	95	55G9	0.006305706	1.01E-05	47
201.4448	188.8465	26	95	55G9	0.006305706	1.01E-05	48
21.1441	126.5424	26	95	55G9	0.006305706	1.01E-05	49
63.4181	107.8995	26	100	55G9	0.006639298	1.06E-05	50
206.8138	182.0308	26	90	55G9	0.005972285	9.55E-06	51
262.9541	164.8556	26	95	55G9	0.006305706	1.01E-05	52
308.9147	99.7896	26	105	55G9	0.006973062	1.11E-05	53
893.2381	185.4552	26	105	55G9	0.006973062	1.11E-05	54
145.006	158.5544	26	100	55G9	0.006639298	1.06E-05	55
99.3323	97.6787	26	95	55G9	0.006305706	1.01E-05	56
640.9691	100.6733	26	85	55G9	0.005639035	9.01E-06	57
121.3433	129.5351	26	85	55G9	0.005639035	9.01E-06	58
18.8911	103.8256	26	80	55G9	0.005305956	8.48E-06	59
486.1544	6.2287	26	75	55G9	0.004973049	7.95E-06	60
549.4408	8.2816	26	80	55G9	0.005305956	8.48E-06	61
937.5555	8.2341	26	75	55G9	0.004973049	7.95E-06	62
843.5614	5.4791	26	80	55G9	0.005305956	8.48E-06	63
310.0307	2.2011	26	75	55G9	0.004973049	7.95E-06	64
295.8334	45.2548	26	70	55G9	0.004640313	7.42E-06	65
472.1588	1.548	26	75	55G9	0.004973049	7.95E-06	66
416.3683	3.7659	26	70	55G9	0.004640313	7.42E-06	67
479.1391	6.972	26	65	55G9	0.004307749	6.89E-06	68
279.693	6.8944	26	60	55G9	0.003975356	6.35E-06	69
420.5397	10.0174	26	60	55G9	0.003975356	6.35E-06	70
856.712	20.936	26	60	55G9	0.003975356	6.35E-06	71
806.1722	17.2018	26	65	55G9	0.004307749	6.89E-06	72
776.8266	15.3782	26	65	55G9	0.004307749	6.89E-06	73
574.7309	20.8329	26	65	55G9	0.004307749	6.89E-06	74
585.1879	23.2121	26	60	55G9	0.003975356	6.35E-06	75
NA	NA	26	NA	55G9	625.2026675	0.999364878	76
440.5945	251.5817	27	65	55H0	0.004307749	6.26E-06	1
75.4033	342.3525	27	60	55H0	0.003975356	5.77E-06	2
849.1921	83.2732	27	50	55H0	0.003311083	4.81E-06	3
428.5904	74.2946	27	50	55H0	0.003311083	4.81E-06	4
480.4152	139.7905	27	55	55H0	0.003643134	5.29E-06	5
1781.4919	74.9686	27	45	55H0	0.002979204	4.33E-06	6
925.2391	5.7019	27	45	55H0	0.002979204	4.33E-06	7
114.9381	62.996	27	50	55H0	0.003311083	4.81E-06	8
89.1749	7.179	27	50	55H0	0.003311083	4.81E-06	9
71.7668	5.7138	27	50	55H0	0.003311083	4.81E-06	10
386.2989	64.7221	27	55	55H0	0.003643134	5.29E-06	11
165.2846	45.7458	27	55	55H0	0.003643134	5.29E-06	12
13.5545	385.834	27	60	55H0	0.003975356	5.77E-06	13
28.378	458.1777	27	55	55H0	0.003643134	5.29E-06	14
79.9772	146.1035	27	50	55H0	0.003311083	4.81E-06	15
941.5918	400.788	27	50	55H0	0.003311083	4.81E-06	16
996.3071	366.9454	27	50	55H0	0.003311083	4.81E-06	17
865.3648	178.6942	27	45	55H0	0.002979204	4.33E-06	18
50.9496	125.265	27	45	55H0	0.002979204	4.33E-06	19
942.1487	0.2486	27	35	55H0	0.002315959	3.36E-06	20
156.2693	1.2345	27	35	55H0	0.002315959	3.36E-06	21
381.0995	14.4668	27	45	55H0	0.002979204	4.33E-06	22
11.5393	115.3377	27	45	55H0	0.002979204	4.33E-06	23
103.9629	74.5678	27	45	55H0	0.002979204	4.33E-06	24
19.1908	109.143	27	50	55H0	0.003311083	4.81E-06	25
437.4203	124.0941	27	50	55H0	0.003311083	4.81E-06	26
23.0441	24.3726	27	50	55H0	0.003311083	4.81E-06	27
317.8424	57.8331	27	50	55H0	0.003311083	4.81E-06	28
1228.3018	44.7252	27	55	55H0	0.003643134	5.29E-06	29
888.5382	25.5825	27	50	55H0	0.003311083	4.81E-06	30
156.9398	43.3499	27	55	55H0	0.003643134	5.29E-06	31
421.3115	28.8333	27	50	55H0	0.003311083	4.81E-06	32
435.103	63.1373	27	55	55H0	0.003643134	5.29E-06	33
152.9139	91.1905	27	55	55H0	0.003643134	5.29E-06	34
274.8683	108.0088	27	55	55H0	0.003643134	5.29E-06	35
2974.6829	186.0748	27	60	55H0	0.003975356	5.77E-06	36
103.0052	195.4835	27	60	55H0	0.003975356	5.77E-06	37
457.4138	13.9916	27	60	55H0	0.003975356	5.77E-06	38
923.3202	21.5968	27	55	55H0	0.003643134	5.29E-06	39
1068.007	21.5926	27	55	55H0	0.003643134	5.29E-06	40
884.2052	12.9148	27	50	55H0	0.003311083	4.81E-06	41
1101.5356	17.9434	27	50	55H0	0.003311083	4.81E-06	42
1122.8198	29.0203	27	55	55H0	0.003643134	5.29E-06	43
NA	NA	27	NA	55H0	688.4536342	0.999787444	44
NA	NA	28	NA	55H1	86.69998	0.999999769	1
NA	NA	28	NA	55H1	1.00E-05	1.15E-07	2
NA	NA	28	NA	55H1	1.00E-05	1.15E-07	3
