ch1	ch2	Rec	meanD	Rec2	Ae	pA	LOG
1076	7	1	35	50G7	0.002315959	5.75E-06	1
998	17	1	35	50G7	0.002315959	5.75E-06	2
1131	0	1	30	50G7	0.001984594	4.92E-06	3
1411	0	1	30	50G7	0.001984594	4.92E-06	4
995	1	1	35	50G7	0.002315959	5.75E-06	5
594	2	1	35	50G7	0.002315959	5.75E-06	6
840	0	1	30	50G7	0.001984594	4.92E-06	7
1286	0	1	30	50G7	0.001984594	4.92E-06	8
916	0	1	30	50G7	0.001984594	4.92E-06	9
433	121	1	35	50G7	0.002315959	5.75E-06	10
445	58	1	35	50G7	0.002315959	5.75E-06	11
240	30	1	35	50G7	0.002315959	5.75E-06	12
157	42	1	35	50G7	0.002315959	5.75E-06	13
198	1	1	35	50G7	0.002315959	5.75E-06	14
180	0	1	30	50G7	0.001984594	4.92E-06	15
253	107	1	40	50G7	0.002647496	6.57E-06	16
1169	169	1	40	50G7	0.002647496	6.57E-06	17
243	98	1	35	50G7	0.002315959	5.75E-06	18
322	0	1	30	50G7	0.001984594	4.92E-06	19
440	0	1	25	50G7	0.0016534	4.10E-06	20
478	0	1	30	50G7	0.001984594	4.92E-06	21
250	0	1	30	50G7	0.001984594	4.92E-06	22
30	0	1	35	50G7	0.002315959	5.75E-06	23
NA	NA	1	NA	50G7	403.0497147	0.999875254	24
29	0	2	30	50G8	0.001984594	2.38E-06	1
162	0	2	25	50G8	0.0016534	1.98E-06	2
181	0	2	25	50G8	0.0016534	1.98E-06	3
179	0	2	25	50G8	0.0016534	1.98E-06	4
258	0	2	25	50G8	0.0016534	1.98E-06	5
198	0	2	25	50G8	0.0016534	1.98E-06	6
123	0	2	30	50G8	0.001984594	2.38E-06	7
81	1	2	40	50G8	0.002647496	3.18E-06	8
120	27	2	35	50G8	0.002315959	2.78E-06	9
134	31	2	35	50G8	0.002315959	2.78E-06	10
301	45	2	35	50G8	0.002315959	2.78E-06	11
355	41	2	35	50G8	0.002315959	2.78E-06	12
304	106	2	35	50G8	0.002315959	2.78E-06	13
379	19	2	35	50G8	0.002315959	2.78E-06	14
99	8	2	35	50G8	0.002315959	2.78E-06	15
238	71	2	35	50G8	0.002315959	2.78E-06	16
571	63	2	35	50G8	0.002315959	2.78E-06	17
330	36	2	40	50G8	0.002647496	3.18E-06	18
481	170	2	40	50G8	0.002647496	3.18E-06	19
431	81	2	40	50G8	0.002647496	3.18E-06	20
175	205	2	45	50G8	0.002979204	3.57E-06	21
274	79	2	45	50G8	0.002979204	3.57E-06	22
177	80	2	45	50G8	0.002979204	3.57E-06	23
180	44	2	40	50G8	0.002647496	3.18E-06	24
350	0	2	30	50G8	0.001984594	2.38E-06	25
690	0	2	25	50G8	0.0016534	1.98E-06	26
360	0	2	25	50G8	0.0016534	1.98E-06	27
136	103	2	50	50G8	0.003311083	3.97E-06	28
132	154	2	50	50G8	0.003311083	3.97E-06	29
125	171	2	50	50G8	0.003311083	3.97E-06	30
150	123	2	50	50G8	0.003311083	3.97E-06	31
193	213	2	50	50G8	0.003311083	3.97E-06	32
491	153	2	45	50G8	0.002979204	3.57E-06	33
342	99	2	45	50G8	0.002979204	3.57E-06	34
1243	49	2	45	50G8	0.002979204	3.57E-06	35
884	24	2	45	50G8	0.002979204	3.57E-06	36
990	46	2	40	50G8	0.002647496	3.18E-06	37
691	27	2	40	50G8	0.002647496	3.18E-06	38
NA	NA	2	NA	50G8	833.3056865	0.999886833	39
234	25	3	45	50G9	0.002979204	3.39E-06	1
NA	NA	3	NA	50G9	879.4970208	0.999996613	2
96	36	4	45	50H0	0.002979204	3.75E-06	1
89	58	4	45	50H0	0.002979204	3.75E-06	2
1100	67	4	45	50H0	0.002979204	3.75E-06	3
222	203	4	45	50H0	0.002979204	3.75E-06	4
261	116	4	45	50H0	0.002979204	3.75E-06	5
63	109	4	40	50H0	0.002647496	3.33E-06	6
78	21	4	40	50H0	0.002647496	3.33E-06	7
47	136	4	40	50H0	0.002647496	3.33E-06	8
184	231	4	55	50H0	0.003643134	4.58E-06	9
25	78	4	45	50H0	0.002979204	3.75E-06	10
154	52	4	45	50H0	0.002979204	3.75E-06	11
228	157	4	40	50H0	0.002647496	3.33E-06	12
410	184	4	40	50H0	0.002647496	3.33E-06	13
206	180	4	45	50H0	0.002979204	3.75E-06	14
198	217	4	45	50H0	0.002979204	3.75E-06	15
453	219	4	45	50H0	0.002979204	3.75E-06	16
174	250	4	45	50H0	0.002979204	3.75E-06	17
178	337	4	50	50H0	0.003311083	4.16E-06	18
263	428	4	60	50H0	0.003975356	5.00E-06	19
794	290	4	50	50H0	0.003311083	4.16E-06	20
39	286	4	50	50H0	0.003311083	4.16E-06	21
78	212	4	50	50H0	0.003311083	4.16E-06	22
72	116	4	50	50H0	0.003311083	4.16E-06	23
33	161	4	50	50H0	0.003311083	4.16E-06	24
179	100	4	50	50H0	0.003311083	4.16E-06	25
224	92	4	50	50H0	0.003311083	4.16E-06	26
55	138	4	50	50H0	0.003311083	4.16E-06	27
255	244	4	50	50H0	0.003311083	4.16E-06	28
82	168	4	55	50H0	0.003643134	4.58E-06	29
209	199	4	55	50H0	0.003643134	4.58E-06	30
129	206	4	55	50H0	0.003643134	4.58E-06	31
168	170	4	55	50H0	0.003643134	4.58E-06	32
293	120	4	55	50H0	0.003643134	4.58E-06	33
622	207	4	55	50H0	0.003643134	4.58E-06	34
527	244	4	55	50H0	0.003643134	4.58E-06	35
334	196	4	50	50H0	0.003311083	4.16E-06	36
119	322	4	50	50H0	0.003311083	4.16E-06	37
404	230	4	50	50H0	0.003311083	4.16E-06	38
357	172	4	45	50H0	0.002979204	3.75E-06	39
808	300	4	50	50H0	0.003311083	4.16E-06	40
1023	246	4	45	50H0	0.002979204	3.75E-06	41
703	132	4	45	50H0	0.002979204	3.75E-06	42
617	111	4	50	50H0	0.003311083	4.16E-06	43
NA	NA	4	NA	50H0	794.962267	0.999826773	44
NA	NA	5	NA	50H1	41.59998	0.999999519	1
NA	NA	5	NA	50H1	1.00E-05	2.40E-07	2
NA	NA	5	NA	50H1	1.00E-05	2.40E-07	3
311	11	6	35	51G7	0.002315959	3.77E-06	1
416	8	6	35	51G7	0.002315959	3.77E-06	2
514	8	6	35	51G7	0.002315959	3.77E-06	3
600	9	6	35	51G7	0.002315959	3.77E-06	4
631	0	6	30	51G7	0.001984594	3.23E-06	5
899	0	6	30	51G7	0.001984594	3.23E-06	6
451	12	6	50	51G7	0.003311083	5.39E-06	7
322	8	6	50	51G7	0.003311083	5.39E-06	8
254	5	6	45	51G7	0.002979204	4.85E-06	9
360	14	6	40	51G7	0.002647496	4.31E-06	10
360	14	6	40	51G7	0.002647496	4.31E-06	11
252	15	6	40	51G7	0.002647496	4.31E-06	12
334	28	6	40	51G7	0.002647496	4.31E-06	13
391	22	6	40	51G7	0.002647496	4.31E-06	14
434	12	6	40	51G7	0.002647496	4.31E-06	15
295	23	6	45	51G7	0.002979204	4.85E-06	16
487	29	6	45	51G7	0.002979204	4.85E-06	17
523	18	6	40	51G7	0.002647496	4.31E-06	18
750	13	6	40	51G7	0.002647496	4.31E-06	19
420	24	6	40	51G7	0.002647496	4.31E-06	20
586	18	6	40	51G7	0.002647496	4.31E-06	21
365	16	6	40	51G7	0.002647496	4.31E-06	22
360	9	6	40	51G7	0.002647496	4.31E-06	23
408	7	6	40	51G7	0.002647496	4.31E-06	24
379	8	6	45	51G7	0.002979204	4.85E-06	25
335	6	6	45	51G7	0.002979204	4.85E-06	26
390	6	6	40	51G7	0.002647496	4.31E-06	27
290	4	6	40	51G7	0.002647496	4.31E-06	28
348	5	6	40	51G7	0.002647496	4.31E-06	29
523	12	6	45	51G7	0.002979204	4.85E-06	30
522	6	6	45	51G7	0.002979204	4.85E-06	31
413	5	6	45	51G7	0.002979204	4.85E-06	32
496	5	6	45	51G7	0.002979204	4.85E-06	33
481	3	6	40	51G7	0.002647496	4.31E-06	34
816	5	6	45	51G7	0.002979204	4.85E-06	35
845	13	6	40	51G7	0.002647496	4.31E-06	36
1535	5	6	35	51G7	0.002315959	3.77E-06	37
1479	3	6	35	51G7	0.002315959	3.77E-06	38
1319	1	6	35	51G7	0.002315959	3.77E-06	39
1650	8	6	35	51G7	0.002315959	3.77E-06	40
1714	6	6	35	51G7	0.002315959	3.77E-06	41
2410	0	6	30	51G7	0.001984594	3.23E-06	42
2331	0	6	30	51G7	0.001984594	3.23E-06	43
1350	0	6	30	51G7	0.001984594	3.23E-06	44
1059	0	6	30	51G7	0.001984594	3.23E-06	45
1056	0	6	30	51G7	0.001984594	3.23E-06	46
1184	12	6	35	51G7	0.002315959	3.77E-06	47
1738	11	6	35	51G7	0.002315959	3.77E-06	48
1713	12	6	35	51G7	0.002315959	3.77E-06	49
1794	25	6	35	51G7	0.002315959	3.77E-06	50
1640	24	6	35	51G7	0.002315959	3.77E-06	51
1474	10	6	35	51G7	0.002315959	3.77E-06	52
1400	36	6	40	51G7	0.002647496	4.31E-06	53
1320	32	6	40	51G7	0.002647496	4.31E-06	54
1378	55	6	45	51G7	0.002979204	4.85E-06	55
1201	39	6	40	51G7	0.002647496	4.31E-06	56
1056	26	6	40	51G7	0.002647496	4.31E-06	57
1027	16	6	45	51G7	0.002979204	4.85E-06	58
1444	55	6	40	51G7	0.002647496	4.31E-06	59
1165	30	6	40	51G7	0.002647496	4.31E-06	60
1166	21	6	40	51G7	0.002647496	4.31E-06	61
912	31	6	35	51G7	0.002315959	3.77E-06	62
1089	23	6	35	51G7	0.002315959	3.77E-06	63
1038	0	6	30	51G7	0.001984594	3.23E-06	64
1365	0	6	30	51G7	0.001984594	3.23E-06	65
1132	0	6	30	51G7	0.001984594	3.23E-06	66
1122	56	6	40	51G7	0.002647496	4.31E-06	67
940	36	6	35	51G7	0.002315959	3.77E-06	68
1007	35	6	40	51G7	0.002647496	4.31E-06	69
1124	81	6	35	51G7	0.002315959	3.77E-06	70
817	93	6	40	51G7	0.002647496	4.31E-06	71
839	113	6	40	51G7	0.002647496	4.31E-06	72
739	81	6	40	51G7	0.002647496	4.31E-06	73
785	57	6	35	51G7	0.002315959	3.77E-06	74
658	43	6	35	51G7	0.002315959	3.77E-06	75
687	3	6	35	51G7	0.002315959	3.77E-06	76
639	27	6	35	51G7	0.002315959	3.77E-06	77
567	55	6	35	51G7	0.002315959	3.77E-06	78
727	13	6	35	51G7	0.002315959	3.77E-06	79
707	30	6	35	51G7	0.002315959	3.77E-06	80
577	138	6	35	51G7	0.002315959	3.77E-06	81
434	201	6	40	51G7	0.002647496	4.31E-06	82
361	269	6	40	51G7	0.002647496	4.31E-06	83
384	132	6	40	51G7	0.002647496	4.31E-06	84
316	100	6	40	51G7	0.002647496	4.31E-06	85
245	86	6	40	51G7	0.002647496	4.31E-06	86
144	56	6	40	51G7	0.002647496	4.31E-06	87
269	47	6	35	51G7	0.002315959	3.77E-06	88
373	19	6	35	51G7	0.002315959	3.77E-06	89
157	0	6	30	51G7	0.001984594	3.23E-06	90
7	0	6	20	51G7	0.001322377	2.15E-06	91
165	0	6	25	51G7	0.0016534	2.69E-06	92
NA	NA	6	NA	51G7	614.2703484	0.999626279	93
1092	5	7	45	51G8	0.002979204	3.45E-06	1
784	2	7	40	51G8	0.002647496	3.07E-06	2
716	9	7	40	51G8	0.002647496	3.07E-06	3
963	7	7	40	51G8	0.002647496	3.07E-06	4
2718	14	7	35	51G8	0.002315959	2.68E-06	5
2657	1	7	35	51G8	0.002315959	2.68E-06	6
1220	0	7	30	51G8	0.001984594	2.30E-06	7
1082	2	7	35	51G8	0.002315959	2.68E-06	8
1348	6	7	35	51G8	0.002315959	2.68E-06	9
761	6	7	35	51G8	0.002315959	2.68E-06	10
964	7	7	35	51G8	0.002315959	2.68E-06	11
1501	9	7	35	51G8	0.002315959	2.68E-06	12
1586	10	7	35	51G8	0.002315959	2.68E-06	13
1277	9	7	35	51G8	0.002315959	2.68E-06	14
1089	4	7	35	51G8	0.002315959	2.68E-06	15
1111	12	7	35	51G8	0.002315959	2.68E-06	16
2766	46	7	40	51G8	0.002647496	3.07E-06	17
3212	61	7	40	51G8	0.002647496	3.07E-06	18
2167	89	7	40	51G8	0.002647496	3.07E-06	19
1544	37	7	40	51G8	0.002647496	3.07E-06	20
1101	28	7	40	51G8	0.002647496	3.07E-06	21
1115	29	7	35	51G8	0.002315959	2.68E-06	22
847	51	7	45	51G8	0.002979204	3.45E-06	23
1571	118	7	45	51G8	0.002979204	3.45E-06	24
1333	160	7	45	51G8	0.002979204	3.45E-06	25
754	40	7	45	51G8	0.002979204	3.45E-06	26
467	23	7	40	51G8	0.002647496	3.07E-06	27
545	30	7	40	51G8	0.002647496	3.07E-06	28
477	48	7	40	51G8	0.002647496	3.07E-06	29
617	69	7	40	51G8	0.002647496	3.07E-06	30
487	82	7	40	51G8	0.002647496	3.07E-06	31
345	49	7	40	51G8	0.002647496	3.07E-06	32
272	47	7	40	51G8	0.002647496	3.07E-06	33
344	45	7	40	51G8	0.002647496	3.07E-06	34
297	24	7	40	51G8	0.002647496	3.07E-06	35
810	195	7	45	51G8	0.002979204	3.45E-06	36
255	115	7	45	51G8	0.002979204	3.45E-06	37
184	164	7	40	51G8	0.002647496	3.07E-06	38
711	174	7	35	51G8	0.002315959	2.68E-06	39
192	0	7	30	51G8	0.001984594	2.30E-06	40
383	0	7	30	51G8	0.001984594	2.30E-06	41
584	0	7	30	51G8	0.001984594	2.30E-06	42
927	0	7	30	51G8	0.001984594	2.30E-06	43
891	5	7	35	51G8	0.002315959	2.68E-06	44
844	1	7	35	51G8	0.002315959	2.68E-06	45
578	0	7	30	51G8	0.001984594	2.30E-06	46
1105	0	7	30	51G8	0.001984594	2.30E-06	47
612	2	7	35	51G8	0.002315959	2.68E-06	48
254	20	7	35	51G8	0.002315959	2.68E-06	49
220	121	7	35	51G8	0.002315959	2.68E-06	50
254	107	7	35	51G8	0.002315959	2.68E-06	51
132	212	7	35	51G8	0.002315959	2.68E-06	52
82	456	7	40	51G8	0.002647496	3.07E-06	53
104	116	7	40	51G8	0.002647496	3.07E-06	54
39	240	7	45	51G8	0.002979204	3.45E-06	55
69	263	7	45	51G8	0.002979204	3.45E-06	56
46	461	7	45	51G8	0.002979204	3.45E-06	57
162	170	7	45	51G8	0.002979204	3.45E-06	58
18	964	7	45	51G8	0.002979204	3.45E-06	59
42	189	7	45	51G8	0.002979204	3.45E-06	60
70	193	7	45	51G8	0.002979204	3.45E-06	61
83	213	7	45	51G8	0.002979204	3.45E-06	62
410	807	7	45	51G8	0.002979204	3.45E-06	63
207	289	7	45	51G8	0.002979204	3.45E-06	64
118	379	7	45	51G8	0.002979204	3.45E-06	65
249	169	7	45	51G8	0.002979204	3.45E-06	66
62	271	7	45	51G8	0.002979204	3.45E-06	67
112	371	7	45	51G8	0.002979204	3.45E-06	68
159	121	7	45	51G8	0.002979204	3.45E-06	69
385	163	7	50	51G8	0.003311083	3.83E-06	70
487	89	7	45	51G8	0.002979204	3.45E-06	71
361	58	7	50	51G8	0.003311083	3.83E-06	72
270	16	7	45	51G8	0.002979204	3.45E-06	73
351	24	7	50	51G8	0.003311083	3.83E-06	74
207	7	7	50	51G8	0.003311083	3.83E-06	75
299	8	7	45	51G8	0.002979204	3.45E-06	76
490	9	7	50	51G8	0.003311083	3.83E-06	77
351	7	7	45	51G8	0.002979204	3.45E-06	78
1270	25	7	40	51G8	0.002647496	3.07E-06	79
3127	22	7	35	51G8	0.002315959	2.68E-06	80
1853	19	7	40	51G8	0.002647496	3.07E-06	81
1716	30	7	40	51G8	0.002647496	3.07E-06	82
1443	37	7	40	51G8	0.002647496	3.07E-06	83
1225	27	7	40	51G8	0.002647496	3.07E-06	84
1184	32	7	40	51G8	0.002647496	3.07E-06	85
1718	21	7	40	51G8	0.002647496	3.07E-06	86
1545	38	7	35	51G8	0.002315959	2.68E-06	87
1242	15	7	35	51G8	0.002315959	2.68E-06	88
1397	5	7	35	51G8	0.002315959	2.68E-06	89
1111	12	7	35	51G8	0.002315959	2.68E-06	90
1719	13	7	35	51G8	0.002315959	2.68E-06	91
1553	0	7	30	51G8	0.001984594	2.30E-06	92
1081	5	7	35	51G8	0.002315959	2.68E-06	93
1292	10	7	35	51G8	0.002315959	2.68E-06	94
1584	58	7	40	51G8	0.002647496	3.07E-06	95
1281	39	7	40	51G8	0.002647496	3.07E-06	96
640	82	7	40	51G8	0.002647496	3.07E-06	97
612	33	7	40	51G8	0.002647496	3.07E-06	98
628	46	7	40	51G8	0.002647496	3.07E-06	99
1114	60	7	45	51G8	0.002979204	3.45E-06	100
1663	52	7	40	51G8	0.002647496	3.07E-06	101
298	0	7	25	51G8	0.0016534	1.91E-06	102
159	0	7	25	51G8	0.0016534	1.91E-06	103
29	0	7	25	51G8	0.0016534	1.91E-06	104
2	0	7	20	51G8	0.001322377	1.53E-06	105
580	0	7	25	51G8	0.0016534	1.91E-06	106
273	0	7	20	51G8	0.001322377	1.53E-06	107
278	0	7	25	51G8	0.0016534	1.91E-06	108
873	0	7	20	51G8	0.001322377	1.53E-06	109
198	0	7	20	51G8	0.001322377	1.53E-06	110
111	0	7	25	51G8	0.0016534	1.91E-06	111
619	0	7	20	51G8	0.001322377	1.53E-06	112
802	0	7	30	51G8	0.001984594	2.30E-06	113
259	0	7	30	51G8	0.001984594	2.30E-06	114
128	1	7	35	51G8	0.002315959	2.68E-06	115
154	2	7	35	51G8	0.002315959	2.68E-06	116
82	0	7	30	51G8	0.001984594	2.30E-06	117
487	0	7	30	51G8	0.001984594	2.30E-06	118
88	4	7	35	51G8	0.002315959	2.68E-06	119
216	32	7	35	51G8	0.002315959	2.68E-06	120
460	41	7	35	51G8	0.002315959	2.68E-06	121
231	16	7	35	51G8	0.002315959	2.68E-06	122
227	30	7	40	51G8	0.002647496	3.07E-06	123
199	43	7	40	51G8	0.002647496	3.07E-06	124
212	78	7	40	51G8	0.002647496	3.07E-06	125
192	168	7	35	51G8	0.002315959	2.68E-06	126
130	34	7	35	51G8	0.002315959	2.68E-06	127
236	98	7	35	51G8	0.002315959	2.68E-06	128
238	78	7	40	51G8	0.002647496	3.07E-06	129
355	51	7	40	51G8	0.002647496	3.07E-06	130
423	89	7	40	51G8	0.002647496	3.07E-06	131
233	97	7	40	51G8	0.002647496	3.07E-06	132
247	148	7	35	51G8	0.002315959	2.68E-06	133
383	70	7	35	51G8	0.002315959	2.68E-06	134
100	109	7	40	51G8	0.002647496	3.07E-06	135
300	122	7	45	51G8	0.002979204	3.45E-06	136
438	302	7	50	51G8	0.003311083	3.83E-06	137
275	184	7	50	51G8	0.003311083	3.83E-06	138
NA	NA	7	NA	51G8	863.3541875	0.999599615	139
441	9	8	45	51G9	0.002979204	3.44E-06	1
113	14	8	45	51G9	0.002979204	3.44E-06	2
189	33	8	45	51G9	0.002979204	3.44E-06	3
661	5	8	55	51G9	0.003643134	4.21E-06	4
672	12	8	55	51G9	0.003643134	4.21E-06	5
1080	23	8	55	51G9	0.003643134	4.21E-06	6
942	15	8	55	51G9	0.003643134	4.21E-06	7
510	19	8	50	51G9	0.003311083	3.82E-06	8
529	12	8	50	51G9	0.003311083	3.82E-06	9
496	14	8	50	51G9	0.003311083	3.82E-06	10
462	15	8	50	51G9	0.003311083	3.82E-06	11
690	15	8	50	51G9	0.003311083	3.82E-06	12
384	16	8	50	51G9	0.003311083	3.82E-06	13
481	12	8	50	51G9	0.003311083	3.82E-06	14
511	14	8	50	51G9	0.003311083	3.82E-06	15
549	7	8	50	51G9	0.003311083	3.82E-06	16
456	5	8	50	51G9	0.003311083	3.82E-06	17
415	4	8	50	51G9	0.003311083	3.82E-06	18
415	1	8	45	51G9	0.002979204	3.44E-06	19
333	3	8	45	51G9	0.002979204	3.44E-06	20
266	2	8	45	51G9	0.002979204	3.44E-06	21
334	1	8	45	51G9	0.002979204	3.44E-06	22
362	2	8	40	51G9	0.002647496	3.06E-06	23
449	3	8	45	51G9	0.002979204	3.44E-06	24
589	1	8	40	51G9	0.002647496	3.06E-06	25
501	0	8	25	51G9	0.0016534	1.91E-06	26
586	0	8	30	51G9	0.001984594	2.29E-06	27
641	3	8	45	51G9	0.002979204	3.44E-06	28
750	4	8	50	51G9	0.003311083	3.82E-06	29
697	5	8	50	51G9	0.003311083	3.82E-06	30
444	5	8	50	51G9	0.003311083	3.82E-06	31
584	6	8	50	51G9	0.003311083	3.82E-06	32
873	3	8	50	51G9	0.003311083	3.82E-06	33
1086	2	8	45	51G9	0.002979204	3.44E-06	34
1294	2	8	45	51G9	0.002979204	3.44E-06	35
882	5	8	50	51G9	0.003311083	3.82E-06	36
778	2	8	40	51G9	0.002647496	3.06E-06	37
996	2	8	45	51G9	0.002979204	3.44E-06	38
737	5	8	45	51G9	0.002979204	3.44E-06	39
1125	3	8	45	51G9	0.002979204	3.44E-06	40
1145	4	8	45	51G9	0.002979204	3.44E-06	41
666	3	8	50	51G9	0.003311083	3.82E-06	42
669	8	8	55	51G9	0.003643134	4.21E-06	43
511	11	8	55	51G9	0.003643134	4.21E-06	44
612	14	8	65	51G9	0.004307749	4.98E-06	45
811	16	8	60	51G9	0.003975356	4.59E-06	46
468	37	8	60	51G9	0.003975356	4.59E-06	47
521	32	8	60	51G9	0.003975356	4.59E-06	48
275	24	8	55	51G9	0.003643134	4.21E-06	49
681	30	8	55	51G9	0.003643134	4.21E-06	50
720	48	8	55	51G9	0.003643134	4.21E-06	51
653	58	8	55	51G9	0.003643134	4.21E-06	52
706	40	8	55	51G9	0.003643134	4.21E-06	53
579	53	8	50	51G9	0.003311083	3.82E-06	54
516	47	8	50	51G9	0.003311083	3.82E-06	55
786	64	8	50	51G9	0.003311083	3.82E-06	56
543	58	8	50	51G9	0.003311083	3.82E-06	57
517	60	8	50	51G9	0.003311083	3.82E-06	58
572	51	8	50	51G9	0.003311083	3.82E-06	59
401	44	8	50	51G9	0.003311083	3.82E-06	60
437	28	8	50	51G9	0.003311083	3.82E-06	61
606	30	8	50	51G9	0.003311083	3.82E-06	62
585	22	8	45	51G9	0.002979204	3.44E-06	63
523	11	8	45	51G9	0.002979204	3.44E-06	64
487	9	8	45	51G9	0.002979204	3.44E-06	65
455	21	8	45	51G9	0.002979204	3.44E-06	66
566	25	8	45	51G9	0.002979204	3.44E-06	67
643	24	8	45	51G9	0.002979204	3.44E-06	68
828	42	8	45	51G9	0.002979204	3.44E-06	69
841	37	8	45	51G9	0.002979204	3.44E-06	70
522	29	8	50	51G9	0.003311083	3.82E-06	71
584	54	8	50	51G9	0.003311083	3.82E-06	72
392	58	8	45	51G9	0.002979204	3.44E-06	73
293	39	8	45	51G9	0.002979204	3.44E-06	74
302	25	8	45	51G9	0.002979204	3.44E-06	75
403	30	8	45	51G9	0.002979204	3.44E-06	76
309	18	8	45	51G9	0.002979204	3.44E-06	77
184	33	8	45	51G9	0.002979204	3.44E-06	78
149	50	8	45	51G9	0.002979204	3.44E-06	79
186	27	8	50	51G9	0.003311083	3.82E-06	80
87	23	8	50	51G9	0.003311083	3.82E-06	81
86	37	8	50	51G9	0.003311083	3.82E-06	82
114	43	8	50	51G9	0.003311083	3.82E-06	83
103	32	8	50	51G9	0.003311083	3.82E-06	84
104	26	8	45	51G9	0.002979204	3.44E-06	85
78	20	8	45	51G9	0.002979204	3.44E-06	86
84	24	8	45	51G9	0.002979204	3.44E-06	87
39	12	8	45	51G9	0.002979204	3.44E-06	88
69	19	8	50	51G9	0.003311083	3.82E-06	89
29	35	8	55	51G9	0.003643134	4.21E-06	90
102	30	8	65	51G9	0.004307749	4.98E-06	91
1076	22	8	65	51G9	0.004307749	4.98E-06	92
157	15	8	55	51G9	0.003643134	4.21E-06	93
73	30	8	60	51G9	0.003975356	4.59E-06	94
74	39	8	65	51G9	0.004307749	4.98E-06	95
110	23	8	60	51G9	0.003975356	4.59E-06	96
268	39	8	60	51G9	0.003975356	4.59E-06	97
51	58	8	55	51G9	0.003643134	4.21E-06	98
120	43	8	50	51G9	0.003311083	3.82E-06	99
67	125	8	50	51G9	0.003311083	3.82E-06	100
100	128	8	55	51G9	0.003643134	4.21E-06	101
44	63	8	55	51G9	0.003643134	4.21E-06	102
48	48	8	55	51G9	0.003643134	4.21E-06	103
14	76	8	55	51G9	0.003643134	4.21E-06	104
115	53	8	50	51G9	0.003311083	3.82E-06	105
69	54	8	50	51G9	0.003311083	3.82E-06	106
33	106	8	50	51G9	0.003311083	3.82E-06	107
136	77	8	50	51G9	0.003311083	3.82E-06	108
21	61	8	45	51G9	0.002979204	3.44E-06	109
53	30	8	45	51G9	0.002979204	3.44E-06	110
160	24	8	40	51G9	0.002647496	3.06E-06	111
32	18	8	40	51G9	0.002647496	3.06E-06	112
12	31	8	40	51G9	0.002647496	3.06E-06	113
84	26	8	40	51G9	0.002647496	3.06E-06	114
54	11	8	40	51G9	0.002647496	3.06E-06	115
22	15	8	40	51G9	0.002647496	3.06E-06	116
1306	31	8	40	51G9	0.002647496	3.06E-06	117
146	45	8	40	51G9	0.002647496	3.06E-06	118
90	69	8	40	51G9	0.002647496	3.06E-06	119
400	109	8	40	51G9	0.002647496	3.06E-06	120
87	76	8	40	51G9	0.002647496	3.06E-06	121
133	74	8	40	51G9	0.002647496	3.06E-06	122
182	118	8	45	51G9	0.002979204	3.44E-06	123
521	133	8	45	51G9	0.002979204	3.44E-06	124
273	183	8	45	51G9	0.002979204	3.44E-06	125
467	146	8	45	51G9	0.002979204	3.44E-06	126
1000	85	8	45	51G9	0.002979204	3.44E-06	127
385	87	8	45	51G9	0.002979204	3.44E-06	128
1082	138	8	45	51G9	0.002979204	3.44E-06	129
443	222	8	45	51G9	0.002979204	3.44E-06	130
NA	NA	8	NA	51G9	865.3831507	0.999518539	131
1421	2	9	35	51H0	0.002315959	2.68E-06	1
105	26	9	35	51H0	0.002315959	2.68E-06	2
325	75	9	40	51H0	0.002647496	3.06E-06	3
286	86	9	45	51H0	0.002979204	3.44E-06	4
92	16	9	45	51H0	0.002979204	3.44E-06	5
44	18	9	45	51H0	0.002979204	3.44E-06	6
68	13	9	40	51H0	0.002647496	3.06E-06	7
124	17	9	40	51H0	0.002647496	3.06E-06	8
136	4	9	40	51H0	0.002647496	3.06E-06	9
55	9	9	35	51H0	0.002315959	2.68E-06	10
69	8	9	40	51H0	0.002647496	3.06E-06	11
143	37	9	40	51H0	0.002647496	3.06E-06	12
971	27	9	40	51H0	0.002647496	3.06E-06	13
33	24	9	45	51H0	0.002979204	3.44E-06	14
46	77	9	45	51H0	0.002979204	3.44E-06	15
19	24	9	50	51H0	0.003311083	3.82E-06	16
176	30	9	50	51H0	0.003311083	3.82E-06	17
140	31	9	55	51H0	0.003643134	4.21E-06	18
29	31	9	60	51H0	0.003975356	4.59E-06	19
144	19	9	60	51H0	0.003975356	4.59E-06	20
12	19	9	60	51H0	0.003975356	4.59E-06	21
12	35	9	60	51H0	0.003975356	4.59E-06	22
7	30	9	55	51H0	0.003643134	4.21E-06	23
84	25	9	65	51H0	0.004307749	4.98E-06	24
10	28	9	65	51H0	0.004307749	4.98E-06	25
62	43	9	65	51H0	0.004307749	4.98E-06	26
135	26	9	55	51H0	0.003643134	4.21E-06	27
89	19	9	55	51H0	0.003643134	4.21E-06	28
102	19	9	50	51H0	0.003311083	3.82E-06	29
284	11	9	50	51H0	0.003311083	3.82E-06	30
192	6	9	50	51H0	0.003311083	3.82E-06	31
464	7	9	55	51H0	0.003643134	4.21E-06	32
596	8	9	55	51H0	0.003643134	4.21E-06	33
472	6	9	50	51H0	0.003311083	3.82E-06	34
591	8	9	55	51H0	0.003643134	4.21E-06	35
447	4	9	65	51H0	0.004307749	4.98E-06	36
437	6	9	55	51H0	0.003643134	4.21E-06	37
783	68	9	50	51H0	0.003311083	3.82E-06	38
825	79	9	50	51H0	0.003311083	3.82E-06	39
904	66	9	50	51H0	0.003311083	3.82E-06	40
632	36	9	50	51H0	0.003311083	3.82E-06	41
291	15	9	55	51H0	0.003643134	4.21E-06	42
277	10	9	55	51H0	0.003643134	4.21E-06	43
348	30	9	50	51H0	0.003311083	3.82E-06	44
446	5	9	50	51H0	0.003311083	3.82E-06	45
456	4	9	50	51H0	0.003311083	3.82E-06	46
311	3	9	45	51H0	0.002979204	3.44E-06	47
374	2	9	45	51H0	0.002979204	3.44E-06	48
309	1	9	45	51H0	0.002979204	3.44E-06	49
305	1	9	40	51H0	0.002647496	3.06E-06	50
600	2	9	40	51H0	0.002647496	3.06E-06	51
598	1	9	40	51H0	0.002647496	3.06E-06	52
370	2	9	40	51H0	0.002647496	3.06E-06	53
338	1	9	40	51H0	0.002647496	3.06E-06	54
323	1	9	35	51H0	0.002315959	2.68E-06	55
384	4	9	40	51H0	0.002647496	3.06E-06	56
256	3	9	40	51H0	0.002647496	3.06E-06	57
240	5	9	40	51H0	0.002647496	3.06E-06	58
230	4	9	35	51H0	0.002315959	2.68E-06	59
292	0	9	30	51H0	0.001984594	2.29E-06	60
285	0	9	30	51H0	0.001984594	2.29E-06	61
346	3	9	35	51H0	0.002315959	2.68E-06	62
422	1	9	35	51H0	0.002315959	2.68E-06	63
280	2	9	35	51H0	0.002315959	2.68E-06	64
331	2	9	35	51H0	0.002315959	2.68E-06	65
650	3	9	35	51H0	0.002315959	2.68E-06	66
799	4	9	40	51H0	0.002647496	3.06E-06	67
653	4	9	40	51H0	0.002647496	3.06E-06	68
625	6	9	40	51H0	0.002647496	3.06E-06	69
470	7	9	45	51H0	0.002979204	3.44E-06	70
361	3	9	45	51H0	0.002979204	3.44E-06	71
373	1	9	40	51H0	0.002647496	3.06E-06	72
393	2	9	45	51H0	0.002979204	3.44E-06	73
432	4	9	50	51H0	0.003311083	3.82E-06	74
576	6	9	50	51H0	0.003311083	3.82E-06	75
790	5	9	50	51H0	0.003311083	3.82E-06	76
622	4	9	50	51H0	0.003311083	3.82E-06	77
711	4	9	55	51H0	0.003643134	4.21E-06	78
606	2	9	55	51H0	0.003643134	4.21E-06	79
650	5	9	55	51H0	0.003643134	4.21E-06	80
793	4	9	50	51H0	0.003311083	3.82E-06	81
1006	5	9	60	51H0	0.003975356	4.59E-06	82
773	10	9	70	51H0	0.004640313	5.36E-06	83
753	7	9	55	51H0	0.003643134	4.21E-06	84
541	3	9	55	51H0	0.003643134	4.21E-06	85
517	6	9	45	51H0	0.002979204	3.44E-06	86
609	4	9	60	51H0	0.003975356	4.59E-06	87
755	6	9	60	51H0	0.003975356	4.59E-06	88
738	8	9	55	51H0	0.003643134	4.21E-06	89
542	8	9	55	51H0	0.003643134	4.21E-06	90
647	10	9	60	51H0	0.003975356	4.59E-06	91
652	6	9	50	51H0	0.003311083	3.82E-06	92
539	5	9	65	51H0	0.004307749	4.98E-06	93
497	11	9	60	51H0	0.003975356	4.59E-06	94
549	10	9	55	51H0	0.003643134	4.21E-06	95
NA	NA	9	NA	51H0	865.3963741	0.999649271	96
NA	NA	10	NA	51H1	237.29998	0.999999916	1
NA	NA	10	NA	51H1	1.00E-05	4.21E-08	2
NA	NA	10	NA	51H1	1.00E-05	4.21E-08	3
NA	NA	11	NA	52G7	482.59998	0.999999959	1
NA	NA	11	NA	52G7	1.00E-05	2.07E-08	2
NA	NA	11	NA	52G7	1.00E-05	2.07E-08	3
704	7	12	45	52G8	0.002979204	3.50E-06	1
665	6	12	45	52G8	0.002979204	3.50E-06	2
740	5	12	45	52G8	0.002979204	3.50E-06	3
597	5	12	45	52G8	0.002979204	3.50E-06	4
469	5	12	45	52G8	0.002979204	3.50E-06	5
503	4	12	45	52G8	0.002979204	3.50E-06	6
359	4	12	45	52G8	0.002979204	3.50E-06	7
482	5	12	45	52G8	0.002979204	3.50E-06	8
529	9	12	50	52G8	0.003311083	3.89E-06	9
666	17	12	50	52G8	0.003311083	3.89E-06	10
652	12	12	50	52G8	0.003311083	3.89E-06	11
752	17	12	45	52G8	0.002979204	3.50E-06	12
591	23	12	45	52G8	0.002979204	3.50E-06	13
562	17	12	45	52G8	0.002979204	3.50E-06	14
576	27	12	45	52G8	0.002979204	3.50E-06	15
866	24	12	50	52G8	0.003311083	3.89E-06	16
622	18	12	50	52G8	0.003311083	3.89E-06	17
1003	33	12	50	52G8	0.003311083	3.89E-06	18
758	35	12	45	52G8	0.002979204	3.50E-06	19
873	42	12	45	52G8	0.002979204	3.50E-06	20
760	34	12	45	52G8	0.002979204	3.50E-06	21
989	53	12	45	52G8	0.002979204	3.50E-06	22
937	107	12	40	52G8	0.002647496	3.11E-06	23
667	0	12	30	52G8	0.001984594	2.33E-06	24
1092	0	12	30	52G8	0.001984594	2.33E-06	25
1054	0	12	30	52G8	0.001984594	2.33E-06	26
993	0	12	30	52G8	0.001984594	2.33E-06	27
598	0	12	25	52G8	0.0016534	1.94E-06	28
1424	0	12	25	52G8	0.0016534	1.94E-06	29
2212	0	12	30	52G8	0.001984594	2.33E-06	30
810	0	12	30	52G8	0.001984594	2.33E-06	31
1507	0	12	25	52G8	0.0016534	1.94E-06	32
1538	0	12	25	52G8	0.0016534	1.94E-06	33
NA	NA	12	NA	52G8	851.9112976	0.999895889	34
1145	0	13	25	52G9	0.0016534	1.94E-06	1
1275	0	13	25	52G9	0.0016534	1.94E-06	2
2580	0	13	25	52G9	0.0016534	1.94E-06	3
1406	39	13	40	52G9	0.002647496	3.11E-06	4
753	176	13	45	52G9	0.002979204	3.50E-06	5
392	112	13	40	52G9	0.002647496	3.11E-06	6
310	28	13	35	52G9	0.002315959	2.72E-06	7
199	3	13	35	52G9	0.002315959	2.72E-06	8
90	37	13	40	52G9	0.002647496	3.11E-06	9
193	93	13	40	52G9	0.002647496	3.11E-06	10
245	60	13	40	52G9	0.002647496	3.11E-06	11
138	75	13	40	52G9	0.002647496	3.11E-06	12
155	36	13	40	52G9	0.002647496	3.11E-06	13
30	40	13	40	52G9	0.002647496	3.11E-06	14
285	18	13	40	52G9	0.002647496	3.11E-06	15
115	17	13	40	52G9	0.002647496	3.11E-06	16
193	6	13	40	52G9	0.002647496	3.11E-06	17
259	7	13	45	52G9	0.002979204	3.50E-06	18
144	18	13	45	52G9	0.002979204	3.50E-06	19
270	65	13	50	52G9	0.003311083	3.89E-06	20
160	60	13	50	52G9	0.003311083	3.89E-06	21
148	65	13	50	52G9	0.003311083	3.89E-06	22
131	45	13	50	52G9	0.003311083	3.89E-06	23
149	37	13	55	52G9	0.003643134	4.28E-06	24
116	34	13	55	52G9	0.003643134	4.28E-06	25
102	48	13	60	52G9	0.003975356	4.67E-06	26
107	52	13	60	52G9	0.003975356	4.67E-06	27
161	65	13	60	52G9	0.003975356	4.67E-06	28
NA	NA	13	NA	52G9	851.9198911	0.999905976	29
131	65	14	60	52H0	0.003975356	4.67E-06	1
253	22	14	55	52H0	0.003643134	4.28E-06	2
167	25	14	55	52H0	0.003643134	4.28E-06	3
59	36	14	70	52H0	0.004640313	5.45E-06	4
182	26	14	60	52H0	0.003975356	4.67E-06	5
220	27	14	65	52H0	0.004307749	5.06E-06	6
106	27	14	65	52H0	0.004307749	5.06E-06	7
96	30	14	70	52H0	0.004640313	5.45E-06	8
42	49	14	65	52H0	0.004307749	5.06E-06	9
65	22	14	70	52H0	0.004640313	5.45E-06	10
44	16	14	60	52H0	0.003975356	4.67E-06	11
83	26	14	60	52H0	0.003975356	4.67E-06	12
31	42	14	60	52H0	0.003975356	4.67E-06	13
47	71	14	55	52H0	0.003643134	4.28E-06	14
18	36	14	55	52H0	0.003643134	4.28E-06	15
463	44	14	50	52H0	0.003311083	3.89E-06	16
525	31	14	50	52H0	0.003311083	3.89E-06	17
180	34	14	45	52H0	0.002979204	3.50E-06	18
185	32	14	45	52H0	0.002979204	3.50E-06	19
19	37	14	40	52H0	0.002647496	3.11E-06	20
43	10	14	45	52H0	0.002979204	3.50E-06	21
108	19	14	45	52H0	0.002979204	3.50E-06	22
60	20	14	45	52H0	0.002979204	3.50E-06	23
170	54	14	45	52H0	0.002979204	3.50E-06	24
295	43	14	40	52H0	0.002647496	3.11E-06	25
94	38	14	40	52H0	0.002647496	3.11E-06	26
803	36	14	40	52H0	0.002647496	3.11E-06	27
627	19	14	35	52H0	0.002315959	2.72E-06	28
513	2	14	35	52H0	0.002315959	2.72E-06	29
543	1	14	35	52H0	0.002315959	2.72E-06	30
580	0	14	35	52H0	0.002315959	2.72E-06	31
690	0	14	30	52H0	0.001984594	2.33E-06	32
NA	NA	14	NA	52H0	851.8923707	0.999873675	33
NA	NA	15	NA	52H1	263.89998	0.999999924	1
NA	NA	15	NA	52H1	1.00E-05	3.79E-08	2
NA	NA	15	NA	52H1	1.00E-05	3.79E-08	3
51	371	16	60	53G7	0.003975356	1.12E-05	1
17	797	16	55	53G7	0.003643134	1.03E-05	2
8	206	16	55	53G7	0.003643134	1.03E-05	3
18	126	16	55	53G7	0.003643134	1.03E-05	4
49	35	16	45	53G7	0.002979204	8.40E-06	5
7	33	16	45	53G7	0.002979204	8.40E-06	6
15	105	16	50	53G7	0.003311083	9.34E-06	7
11	162	16	50	53G7	0.003311083	9.34E-06	8
13	194	16	50	53G7	0.003311083	9.34E-06	9
2	128	16	45	53G7	0.002979204	8.40E-06	10
17	166	16	50	53G7	0.003311083	9.34E-06	11
37	195	16	50	53G7	0.003311083	9.34E-06	12
3	97	16	45	53G7	0.002979204	8.40E-06	13
12	142	16	50	53G7	0.003311083	9.34E-06	14
14	114	16	50	53G7	0.003311083	9.34E-06	15
19	107	16	50	53G7	0.003311083	9.34E-06	16
49	178	16	50	53G7	0.003311083	9.34E-06	17
13	99	16	45	53G7	0.002979204	8.40E-06	18
12	117	16	45	53G7	0.002979204	8.40E-06	19
112	122	16	55	53G7	0.003643134	1.03E-05	20
51	284	16	55	53G7	0.003643134	1.03E-05	21
38	138	16	50	53G7	0.003311083	9.34E-06	22
45	109	16	45	53G7	0.002979204	8.40E-06	23
2	125	16	45	53G7	0.002979204	8.40E-06	24
24	25	16	40	53G7	0.002647496	7.47E-06	25
11	151	16	40	53G7	0.002647496	7.47E-06	26
5	212	16	40	53G7	0.002647496	7.47E-06	27
33	280	16	45	53G7	0.002979204	8.40E-06	28
NA	NA	16	NA	53G7	354.4099428	0.99974596	29
347	5	17	60	53G8	0.003975356	4.74E-06	1
363	4	17	60	53G8	0.003975356	4.74E-06	2
404	8	17	55	53G8	0.003643134	4.35E-06	3
422	27	17	50	53G8	0.003311083	3.95E-06	4
196	29	17	65	53G8	0.004307749	5.14E-06	5
552	25	17	65	53G8	0.004307749	5.14E-06	6
410	47	17	65	53G8	0.004307749	5.14E-06	7
338	35	17	55	53G8	0.003643134	4.35E-06	8
520	27	17	55	53G8	0.003643134	4.35E-06	9
428	7	17	50	53G8	0.003311083	3.95E-06	10
685	2	17	45	53G8	0.002979204	3.55E-06	11
723	14	17	60	53G8	0.003975356	4.74E-06	12
815	9	17	60	53G8	0.003975356	4.74E-06	13
504	6	17	45	53G8	0.002979204	3.55E-06	14
541	2	17	55	53G8	0.003643134	4.35E-06	15
457	3	17	60	53G8	0.003975356	4.74E-06	16
615	4	17	65	53G8	0.004307749	5.14E-06	17
805	6	17	70	53G8	0.004640313	5.54E-06	18
823	3	17	60	53G8	0.003975356	4.74E-06	19
166	101	17	65	53G8	0.004307749	5.14E-06	20
143	125	17	65	53G8	0.004307749	5.14E-06	21
205	215	17	60	53G8	0.003975356	4.74E-06	22
466	286	17	70	53G8	0.004640313	5.54E-06	23
247	281	17	70	53G8	0.004640313	5.54E-06	24
159	245	17	65	53G8	0.004307749	5.14E-06	25
161	334	17	70	53G8	0.004640313	5.54E-06	26
55	464	17	65	53G8	0.004307749	5.14E-06	27
277	482	17	65	53G8	0.004307749	5.14E-06	28
487	450	17	60	53G8	0.003975356	4.74E-06	29
85	439	17	60	53G8	0.003975356	4.74E-06	30
154	456	17	55	53G8	0.003643134	4.35E-06	31
55	411	17	55	53G8	0.003643134	4.35E-06	32
22	384	17	60	53G8	0.003975356	4.74E-06	33
34	709	17	60	53G8	0.003975356	4.74E-06	34
33	810	17	55	53G8	0.003643134	4.35E-06	35
39	103	17	45	53G8	0.002979204	3.55E-06	36
46	0	17	20	53G8	0.001322377	1.58E-06	37
34	1	17	35	53G8	0.002315959	2.76E-06	38
45	2	17	35	53G8	0.002315959	2.76E-06	39
848	0	17	30	53G8	0.001984594	2.37E-06	40
199	0	17	30	53G8	0.001984594	2.37E-06	41
188	0	17	25	53G8	0.0016534	1.97E-06	42
72	0	17	25	53G8	0.0016534	1.97E-06	43
22	0	17	20	53G8	0.001322377	1.58E-06	44
43	0	17	20	53G8	0.001322377	1.58E-06	45
23	0	17	20	53G8	0.001322377	1.58E-06	46
227	0	17	30	53G8	0.001984594	2.37E-06	47
21	0	17	20	53G8	0.001322377	1.58E-06	48
77	0	17	25	53G8	0.0016534	1.97E-06	49
447	0	17	30	53G8	0.001984594	2.37E-06	50
445	35	17	35	53G8	0.002315959	2.76E-06	51
16	66	17	40	53G8	0.002647496	3.16E-06	52
70	130	17	50	53G8	0.003311083	3.95E-06	53
11	270	17	50	53G8	0.003311083	3.95E-06	54
7	361	17	50	53G8	0.003311083	3.95E-06	55
9	322	17	55	53G8	0.003643134	4.35E-06	56
21	314	17	50	53G8	0.003311083	3.95E-06	57
26	299	17	50	53G8	0.003311083	3.95E-06	58
19	285	17	50	53G8	0.003311083	3.95E-06	59
46	226	17	55	53G8	0.003643134	4.35E-06	60
49	220	17	50	53G8	0.003311083	3.95E-06	61
18	179	17	50	53G8	0.003311083	3.95E-06	62
11	194	17	50	53G8	0.003311083	3.95E-06	63
22	238	17	50	53G8	0.003311083	3.95E-06	64
50	107	17	50	53G8	0.003311083	3.95E-06	65
29	126	17	50	53G8	0.003311083	3.95E-06	66
48	123	17	50	53G8	0.003311083	3.95E-06	67
179	430	17	45	53G8	0.002979204	3.55E-06	68
178	159	17	45	53G8	0.002979204	3.55E-06	69
102	99	17	45	53G8	0.002979204	3.55E-06	70
95	63	17	45	53G8	0.002979204	3.55E-06	71
206	31	17	45	53G8	0.002979204	3.55E-06	72
173	11	17	50	53G8	0.003311083	3.95E-06	73
249	5	17	45	53G8	0.002979204	3.55E-06	74
347	3	17	45	53G8	0.002979204	3.55E-06	75
551	6	17	45	53G8	0.002979204	3.55E-06	76
627	5	17	50	53G8	0.003311083	3.95E-06	77
640	5	17	50	53G8	0.003311083	3.95E-06	78
504	1	17	55	53G8	0.003643134	4.35E-06	79
317	0	17	25	53G8	0.0016534	1.97E-06	80
299	2	17	50	53G8	0.003311083	3.95E-06	81
287	0	17	25	53G8	0.0016534	1.97E-06	82
280	4	17	55	53G8	0.003643134	4.35E-06	83
456	3	17	50	53G8	0.003311083	3.95E-06	84
378	4	17	50	53G8	0.003311083	3.95E-06	85
526	1	17	40	53G8	0.002647496	3.16E-06	86
715	3	17	50	53G8	0.003311083	3.95E-06	87
669	4	17	50	53G8	0.003311083	3.95E-06	88
696	6	17	45	53G8	0.002979204	3.55E-06	89
1048	6	17	45	53G8	0.002979204	3.55E-06	90
877	7	17	45	53G8	0.002979204	3.55E-06	91
954	9	17	45	53G8	0.002979204	3.55E-06	92
918	6	17	45	53G8	0.002979204	3.55E-06	93
871	6	17	55	53G8	0.003643134	4.35E-06	94
532	4	17	50	53G8	0.003311083	3.95E-06	95
541	2	17	50	53G8	0.003311083	3.95E-06	96
661	4	17	55	53G8	0.003643134	4.35E-06	97
696	3	17	50	53G8	0.003311083	3.95E-06	98
363	1	17	45	53G8	0.002979204	3.55E-06	99
552	5	17	60	53G8	0.003975356	4.74E-06	100
465	4	17	60	53G8	0.003975356	4.74E-06	101
512	2	17	60	53G8	0.003975356	4.74E-06	102
383	0	17	25	53G8	0.0016534	1.97E-06	103
907	7	17	45	53G8	0.002979204	3.55E-06	104
783	6	17	45	53G8	0.002979204	3.55E-06	105
785	9	17	50	53G8	0.003311083	3.95E-06	106
898	9	17	50	53G8	0.003311083	3.95E-06	107
1000	5	17	50	53G8	0.003311083	3.95E-06	108
960	9	17	45	53G8	0.002979204	3.55E-06	109
1065	5	17	45	53G8	0.002979204	3.55E-06	110
887	4	17	45	53G8	0.002979204	3.55E-06	111
848	9	17	45	53G8	0.002979204	3.55E-06	112
1024	13	17	45	53G8	0.002979204	3.55E-06	113
517	5	17	45	53G8	0.002979204	3.55E-06	114
770	4	17	45	53G8	0.002979204	3.55E-06	115
850	3	17	50	53G8	0.003311083	3.95E-06	116
874	5	17	50	53G8	0.003311083	3.95E-06	117
862	5	17	50	53G8	0.003311083	3.95E-06	118
537	5	17	50	53G8	0.003311083	3.95E-06	119
575	4	17	50	53G8	0.003311083	3.95E-06	120
579	2	17	50	53G8	0.003311083	3.95E-06	121
308	3	17	45	53G8	0.002979204	3.55E-06	122
345	1	17	50	53G8	0.003311083	3.95E-06	123
367	2	17	50	53G8	0.003311083	3.95E-06	124
562	4	17	45	53G8	0.002979204	3.55E-06	125
541	3	17	50	53G8	0.003311083	3.95E-06	126
399	4	17	50	53G8	0.003311083	3.95E-06	127
482	1	17	45	53G8	0.002979204	3.55E-06	128
558	4	17	50	53G8	0.003311083	3.95E-06	129
544	6	17	45	53G8	0.002979204	3.55E-06	130
613	3	17	40	53G8	0.002647496	3.16E-06	131
594	4	17	40	53G8	0.002647496	3.16E-06	132
518	8	17	45	53G8	0.002979204	3.55E-06	133
NA	NA	17	NA	53G8	837.6728461	0.999490331	134
617	16	18	55	53G9	0.003643134	4.35E-06	1
371	14	18	60	53G9	0.003975356	4.74E-06	2
450	17	18	65	53G9	0.004307749	5.14E-06	3
401	18	18	60	53G9	0.003975356	4.74E-06	4
450	23	18	55	53G9	0.003643134	4.35E-06	5
495	21	18	65	53G9	0.004307749	5.14E-06	6
571	20	18	70	53G9	0.004640313	5.54E-06	7
386	19	18	70	53G9	0.004640313	5.54E-06	8
255	10	18	65	53G9	0.004307749	5.14E-06	9
296	8	18	65	53G9	0.004307749	5.14E-06	10
162	11	18	70	53G9	0.004640313	5.54E-06	11
197	8	18	70	53G9	0.004640313	5.54E-06	12
301	8	18	60	53G9	0.003975356	4.74E-06	13
283	11	18	55	53G9	0.003643134	4.35E-06	14
238	14	18	55	53G9	0.003643134	4.35E-06	15
323	11	18	60	53G9	0.003975356	4.74E-06	16
268	18	18	60	53G9	0.003975356	4.74E-06	17
246	14	18	40	53G9	0.002647496	3.16E-06	18
338	11	18	55	53G9	0.003643134	4.35E-06	19
253	11	18	55	53G9	0.003643134	4.35E-06	20
317	15	18	60	53G9	0.003975356	4.74E-06	21
327	24	18	60	53G9	0.003975356	4.74E-06	22
336	17	18	55	53G9	0.003643134	4.35E-06	23
295	26	18	55	53G9	0.003643134	4.35E-06	24
261	38	18	55	53G9	0.003643134	4.35E-06	25
255	48	18	55	53G9	0.003643134	4.35E-06	26
171	53	18	60	53G9	0.003975356	4.74E-06	27
207	54	18	60	53G9	0.003975356	4.74E-06	28
208	76	18	55	53G9	0.003643134	4.35E-06	29
403	81	18	65	53G9	0.004307749	5.14E-06	30
227	67	18	65	53G9	0.004307749	5.14E-06	31
114	60	18	75	53G9	0.004973049	5.93E-06	32
201	55	18	65	53G9	0.004307749	5.14E-06	33
72	93	18	65	53G9	0.004307749	5.14E-06	34
62	103	18	65	53G9	0.004307749	5.14E-06	35
169	109	18	65	53G9	0.004307749	5.14E-06	36
392	5	18	55	53G9	0.003643134	4.35E-06	37
433	3	18	55	53G9	0.003643134	4.35E-06	38
377	2	18	50	53G9	0.003311083	3.95E-06	39
313	4	18	55	53G9	0.003643134	4.35E-06	40
382	0	18	30	53G9	0.001984594	2.37E-06	41
436	3	18	60	53G9	0.003975356	4.74E-06	42
531	3	18	55	53G9	0.003643134	4.35E-06	43
630	10	18	75	53G9	0.004973049	5.93E-06	44
794	13	18	65	53G9	0.004307749	5.14E-06	45
718	11	18	55	53G9	0.003643134	4.35E-06	46
763	17	18	55	53G9	0.003643134	4.35E-06	47
783	22	18	55	53G9	0.003643134	4.35E-06	48
639	18	18	55	53G9	0.003643134	4.35E-06	49
694	12	18	55	53G9	0.003643134	4.35E-06	50
567	19	18	65	53G9	0.004307749	5.14E-06	51
473	11	18	60	53G9	0.003975356	4.74E-06	52
385	7	18	60	53G9	0.003975356	4.74E-06	53
367	6	18	55	53G9	0.003643134	4.35E-06	54
456	27	18	75	53G9	0.004973049	5.93E-06	55
355	12	18	55	53G9	0.003643134	4.35E-06	56
423	18	18	55	53G9	0.003643134	4.35E-06	57
411	20	18	65	53G9	0.004307749	5.14E-06	58
675	32	18	70	53G9	0.004640313	5.54E-06	59
453	27	18	60	53G9	0.003975356	4.74E-06	60
579	24	18	55	53G9	0.003643134	4.35E-06	61
749	47	18	60	53G9	0.003975356	4.74E-06	62
777	25	18	55	53G9	0.003643134	4.35E-06	63
876	25	18	60	53G9	0.003975356	4.74E-06	64
542	16	18	60	53G9	0.003975356	4.74E-06	65
497	28	18	65	53G9	0.004307749	5.14E-06	66
118	45	18	70	53G9	0.004640313	5.54E-06	67
93	127	18	60	53G9	0.003975356	4.74E-06	68
124	224	18	60	53G9	0.003975356	4.74E-06	69
34	29	18	60	53G9	0.003975356	4.74E-06	70
82	115	18	65	53G9	0.004307749	5.14E-06	71
121	129	18	60	53G9	0.003975356	4.74E-06	72
108	64	18	60	53G9	0.003975356	4.74E-06	73
100	266	18	60	53G9	0.003975356	4.74E-06	74
142	87	18	60	53G9	0.003975356	4.74E-06	75
138	32	18	60	53G9	0.003975356	4.74E-06	76
127	146	18	60	53G9	0.003975356	4.74E-06	77
28	193	18	60	53G9	0.003975356	4.74E-06	78
235	118	18	60	53G9	0.003975356	4.74E-06	79
108	174	18	60	53G9	0.003975356	4.74E-06	80
147	102	18	60	53G9	0.003975356	4.74E-06	81
157	209	18	60	53G9	0.003975356	4.74E-06	82
245	267	18	55	53G9	0.003643134	4.35E-06	83
116	240	18	60	53G9	0.003975356	4.74E-06	84
156	233	18	60	53G9	0.003975356	4.74E-06	85
190	207	18	55	53G9	0.003643134	4.35E-06	86
70	163	18	55	53G9	0.003643134	4.35E-06	87
141	140	18	50	53G9	0.003311083	3.95E-06	88
157	75	18	45	53G9	0.002979204	3.55E-06	89
128	121	18	45	53G9	0.002979204	3.55E-06	90
105	163	18	45	53G9	0.002979204	3.55E-06	91
231	120	18	40	53G9	0.002647496	3.16E-06	92
228	27	18	35	53G9	0.002315959	2.76E-06	93
268	150	18	50	53G9	0.003311083	3.95E-06	94
493	169	18	50	53G9	0.003311083	3.95E-06	95
474	108	18	45	53G9	0.002979204	3.55E-06	96
492	40	18	45	53G9	0.002979204	3.55E-06	97
424	55	18	45	53G9	0.002979204	3.55E-06	98
430	26	18	45	53G9	0.002979204	3.55E-06	99
727	16	18	45	53G9	0.002979204	3.55E-06	100
590	13	18	45	53G9	0.002979204	3.55E-06	101
468	6	18	45	53G9	0.002979204	3.55E-06	102
355	6	18	45	53G9	0.002979204	3.55E-06	103
396	6	18	45	53G9	0.002979204	3.55E-06	104
381	4	18	45	53G9	0.002979204	3.55E-06	105
382	3	18	45	53G9	0.002979204	3.55E-06	106
702	3	18	45	53G9	0.002979204	3.55E-06	107
796	4	18	50	53G9	0.003311083	3.95E-06	108
548	5	18	50	53G9	0.003311083	3.95E-06	109
545	4	18	50	53G9	0.003311083	3.95E-06	110
822	3	18	50	53G9	0.003311083	3.95E-06	111
NA	NA	18	NA	53G9	837.6826313	0.999502006	112
300	1	19	40	53H0	0.002647496	3.16E-06	1
385	1	19	35	53H0	0.002315959	2.76E-06	2
313	1	19	35	53H0	0.002315959	2.76E-06	3
625	1	19	40	53H0	0.002647496	3.16E-06	4
755	10	19	40	53H0	0.002647496	3.16E-06	5
604	1	19	35	53H0	0.002315959	2.76E-06	6
1069	4	19	40	53H0	0.002647496	3.16E-06	7
2495	6	19	40	53H0	0.002647496	3.16E-06	8
1316	0	19	30	53H0	0.001984594	2.37E-06	9
1005	0	19	30	53H0	0.001984594	2.37E-06	10
726	0	19	30	53H0	0.001984594	2.37E-06	11
630	0	19	30	53H0	0.001984594	2.37E-06	12
752	0	19	30	53H0	0.001984594	2.37E-06	13
596	0	19	30	53H0	0.001984594	2.37E-06	14
616	0	19	30	53H0	0.001984594	2.37E-06	15
596	5	19	35	53H0	0.002315959	2.76E-06	16
643	4	19	35	53H0	0.002315959	2.76E-06	17
882	1	19	35	53H0	0.002315959	2.76E-06	18
445	4	19	40	53H0	0.002647496	3.16E-06	19
426	1	19	40	53H0	0.002647496	3.16E-06	20
430	3	19	40	53H0	0.002647496	3.16E-06	21
576	4	19	50	53H0	0.003311083	3.95E-06	22
435	5	19	50	53H0	0.003311083	3.95E-06	23
690	6	19	50	53H0	0.003311083	3.95E-06	24
518	8	19	55	53H0	0.003643134	4.35E-06	25
208	6	19	50	53H0	0.003311083	3.95E-06	26
334	9	19	50	53H0	0.003311083	3.95E-06	27
434	9	19	55	53H0	0.003643134	4.35E-06	28
279	5	19	50	53H0	0.003311083	3.95E-06	29
220	2	19	40	53H0	0.002647496	3.16E-06	30
402	4	19	45	53H0	0.002979204	3.55E-06	31
262	4	19	45	53H0	0.002979204	3.55E-06	32
253	14	19	45	53H0	0.002979204	3.55E-06	33
462	10	19	45	53H0	0.002979204	3.55E-06	34
466	13	19	45	53H0	0.002979204	3.55E-06	35
304	14	19	45	53H0	0.002979204	3.55E-06	36
536	19	19	55	53H0	0.003643134	4.35E-06	37
591	13	19	55	53H0	0.003643134	4.35E-06	38
304	21	19	65	53H0	0.004307749	5.14E-06	39
296	33	19	60	53H0	0.003975356	4.74E-06	40
299	20	19	55	53H0	0.003643134	4.35E-06	41
298	28	19	50	53H0	0.003311083	3.95E-06	42
262	38	19	60	53H0	0.003975356	4.74E-06	43
263	51	19	65	53H0	0.004307749	5.14E-06	44
255	57	19	65	53H0	0.004307749	5.14E-06	45
277	69	19	65	53H0	0.004307749	5.14E-06	46
214	59	19	60	53H0	0.003975356	4.74E-06	47
259	42	19	60	53H0	0.003975356	4.74E-06	48
105	45	19	50	53H0	0.003311083	3.95E-06	49
142	32	19	55	53H0	0.003643134	4.35E-06	50
260	37	19	50	53H0	0.003311083	3.95E-06	51
145	34	19	50	53H0	0.003311083	3.95E-06	52
240	21	19	45	53H0	0.002979204	3.55E-06	53
96	24	19	50	53H0	0.003311083	3.95E-06	54
273	23	19	50	53H0	0.003311083	3.95E-06	55
206	33	19	55	53H0	0.003643134	4.35E-06	56
311	27	19	55	53H0	0.003643134	4.35E-06	57
287	23	19	55	53H0	0.003643134	4.35E-06	58
427	29	19	55	53H0	0.003643134	4.35E-06	59
392	38	19	55	53H0	0.003643134	4.35E-06	60
194	41	19	50	53H0	0.003311083	3.95E-06	61
98	81	19	50	53H0	0.003311083	3.95E-06	62
921	72	19	45	53H0	0.002979204	3.55E-06	63
99	115	19	45	53H0	0.002979204	3.55E-06	64
117	90	19	45	53H0	0.002979204	3.55E-06	65
65	87	19	40	53H0	0.002647496	3.16E-06	66
198	144	19	40	53H0	0.002647496	3.16E-06	67
424	120	19	35	53H0	0.002315959	2.76E-06	68
156	7	19	35	53H0	0.002315959	2.76E-06	69
241	1	19	35	53H0	0.002315959	2.76E-06	70
309	0	19	30	53H0	0.001984594	2.37E-06	71
227	26	19	40	53H0	0.002647496	3.16E-06	72
242	44	19	35	53H0	0.002315959	2.76E-06	73
273	65	19	45	53H0	0.002979204	3.55E-06	74
224	15	19	40	53H0	0.002647496	3.16E-06	75
523	41	19	40	53H0	0.002647496	3.16E-06	76
613	25	19	40	53H0	0.002647496	3.16E-06	77
368	22	19	40	53H0	0.002647496	3.16E-06	78
140	65	19	40	53H0	0.002647496	3.16E-06	79
436	90	19	40	53H0	0.002647496	3.16E-06	80
556	31	19	40	53H0	0.002647496	3.16E-06	81
895	44	19	40	53H0	0.002647496	3.16E-06	82
176	39	19	35	53H0	0.002315959	2.76E-06	83
1036	36	19	35	53H0	0.002315959	2.76E-06	84
1385	40	19	40	53H0	0.002647496	3.16E-06	85
114	43	19	40	53H0	0.002647496	3.16E-06	86
411	48	19	40	53H0	0.002647496	3.16E-06	87
521	67	19	40	53H0	0.002647496	3.16E-06	88
607	33	19	40	53H0	0.002647496	3.16E-06	89
196	24	19	40	53H0	0.002647496	3.16E-06	90
1124	35	19	40	53H0	0.002647496	3.16E-06	91
534	51	19	40	53H0	0.002647496	3.16E-06	92
536	77	19	40	53H0	0.002647496	3.16E-06	93
230	74	19	40	53H0	0.002647496	3.16E-06	94
85	44	19	45	53H0	0.002979204	3.55E-06	95
80	91	19	45	53H0	0.002979204	3.55E-06	96
48	53	19	50	53H0	0.003311083	3.95E-06	97
35	90	19	55	53H0	0.003643134	4.35E-06	98
261	88	19	55	53H0	0.003643134	4.35E-06	99
91	65	19	60	53H0	0.003975356	4.74E-06	100
107	57	19	60	53H0	0.003975356	4.74E-06	101
860	68	19	60	53H0	0.003975356	4.74E-06	102
195	65	19	60	53H0	0.003975356	4.74E-06	103
211	57	19	65	53H0	0.004307749	5.14E-06	104
322	109	19	65	53H0	0.004307749	5.14E-06	105
43	39	19	60	53H0	0.003975356	4.74E-06	106
59	60	19	70	53H0	0.004640313	5.54E-06	107
51	162	19	65	53H0	0.004307749	5.14E-06	108
180	75	19	65	53H0	0.004307749	5.14E-06	109
243	144	19	65	53H0	0.004307749	5.14E-06	110
134	882	19	65	53H0	0.004307749	5.14E-06	111
360	116	19	65	53H0	0.004307749	5.14E-06	112
295	124	19	65	53H0	0.004307749	5.14E-06	113
NA	NA	19	NA	53H0	837.7490387	0.999581242	114
NA	NA	20	NA	53H1	126.59998	0.999999842	1
NA	NA	20	NA	53H1	1.00E-05	7.90E-08	2
NA	NA	20	NA	53H1	1.00E-05	7.90E-08	3
NA	NA	21	NA	54G7	13.19998	0.999998485	1
NA	NA	21	NA	54G7	1.00E-05	7.58E-07	2
NA	NA	21	NA	54G7	1.00E-05	7.58E-07	3
898	2	22	60	54G8	0.003975356	6.19E-06	1
904	4	22	50	54G8	0.003311083	5.16E-06	2
1295	6	22	50	54G8	0.003311083	5.16E-06	3
997	9	22	80	54G8	0.005305956	8.26E-06	4
940	8	22	65	54G8	0.004307749	6.71E-06	5
949	7	22	55	54G8	0.003643134	5.67E-06	6
453	5	22	50	54G8	0.003311083	5.16E-06	7
563	7	22	60	54G8	0.003975356	6.19E-06	8
607	8	22	60	54G8	0.003975356	6.19E-06	9
529	4	22	60	54G8	0.003975356	6.19E-06	10
318	5	22	55	54G8	0.003643134	5.67E-06	11
188	5	22	50	54G8	0.003311083	5.16E-06	12
124	5	22	50	54G8	0.003311083	5.16E-06	13
244	9	22	60	54G8	0.003975356	6.19E-06	14
NA	NA	22	NA	54G8	642.1466678	0.999916954	15
369	314	23	60	54G9	0.003975356	4.82E-06	1
286	177	23	60	54G9	0.003975356	4.82E-06	2
868	36	23	60	54G9	0.003975356	4.82E-06	3
481	121	23	60	54G9	0.003975356	4.82E-06	4
323	213	23	60	54G9	0.003975356	4.82E-06	5
130	142	23	60	54G9	0.003975356	4.82E-06	6
180	156	23	60	54G9	0.003975356	4.82E-06	7
130	210	23	65	54G9	0.004307749	5.23E-06	8
137	191	23	60	54G9	0.003975356	4.82E-06	9
452	98	23	60	54G9	0.003975356	4.82E-06	10
229	70	23	55	54G9	0.003643134	4.42E-06	11
277	56	23	55	54G9	0.003643134	4.42E-06	12
370	86	23	55	54G9	0.003643134	4.42E-06	13
163	75	23	55	54G9	0.003643134	4.42E-06	14
457	62	23	60	54G9	0.003975356	4.82E-06	15
265	54	23	60	54G9	0.003975356	4.82E-06	16
169	56	23	60	54G9	0.003975356	4.82E-06	17
411	33	23	60	54G9	0.003975356	4.82E-06	18
984	14	23	45	54G9	0.002979204	3.61E-06	19
598	5	23	50	54G9	0.003311083	4.02E-06	20
304	3	23	45	54G9	0.002979204	3.61E-06	21
NA	NA	23	NA	54G9	824.1201706	0.999903143	22
252	1	24	40	54H0	0.002647496	3.64E-06	1
448	7	24	45	54H0	0.002979204	4.09E-06	2
227	3	24	45	54H0	0.002979204	4.09E-06	3
167	2	24	35	54H0	0.002315959	3.18E-06	4
212	2	24	35	54H0	0.002315959	3.18E-06	5
79	2	24	35	54H0	0.002315959	3.18E-06	6
286	2	24	40	54H0	0.002647496	3.64E-06	7
334	5	24	45	54H0	0.002979204	4.09E-06	8
389	1	24	45	54H0	0.002979204	4.09E-06	9
492	0	24	25	54H0	0.0016534	2.27E-06	10
483	3	24	40	54H0	0.002647496	3.64E-06	11
308	3	24	40	54H0	0.002647496	3.64E-06	12
563	3	24	40	54H0	0.002647496	3.64E-06	13
487	4	24	45	54H0	0.002979204	4.09E-06	14
651	1	24	35	54H0	0.002315959	3.18E-06	15
809	0	24	30	54H0	0.001984594	2.73E-06	16
379	1	24	35	54H0	0.002315959	3.18E-06	17
317	0	24	30	54H0	0.001984594	2.73E-06	18
513	0	24	30	54H0	0.001984594	2.73E-06	19
336	1	24	35	54H0	0.002315959	3.18E-06	20
157	1	24	35	54H0	0.002315959	3.18E-06	21
336	0	24	25	54H0	0.0016534	2.27E-06	22
276	19	24	40	54H0	0.002647496	3.64E-06	23
NA	NA	24	NA	54H0	727.8437467	0.999922718	24
NA	NA	25	NA	55G8	103.59998	0.999999807	1
NA	NA	25	NA	55G8	1.00E-05	9.65E-08	2
NA	NA	25	NA	55G8	1.00E-05	9.65E-08	3
352	5	26	55	55G9	0.003643134	5.82E-06	1
419	10	26	75	55G9	0.004973049	7.95E-06	2
478	8	26	55	55G9	0.003643134	5.82E-06	3
591	6	26	50	55G9	0.003311083	5.29E-06	4
621	8	26	55	55G9	0.003643134	5.82E-06	5
607	9	26	55	55G9	0.003643134	5.82E-06	6
608	8	26	55	55G9	0.003643134	5.82E-06	7
323	14	26	60	55G9	0.003975356	6.35E-06	8
373	4	26	55	55G9	0.003643134	5.82E-06	9
380	4	26	55	55G9	0.003643134	5.82E-06	10
432	5	26	55	55G9	0.003643134	5.82E-06	11
332	6	26	60	55G9	0.003975356	6.35E-06	12
455	10	26	55	55G9	0.003643134	5.82E-06	13
302	14	26	60	55G9	0.003975356	6.35E-06	14
408	14	26	80	55G9	0.005305956	8.48E-06	15
436	11	26	55	55G9	0.003643134	5.82E-06	16
527	17	26	60	55G9	0.003975356	6.35E-06	17
391	18	26	70	55G9	0.004640313	7.42E-06	18
558	12	26	60	55G9	0.003975356	6.35E-06	19
296	10	26	70	55G9	0.004640313	7.42E-06	20
283	9	26	70	55G9	0.004640313	7.42E-06	21
225	12	26	65	55G9	0.004307749	6.89E-06	22
229	13	26	60	55G9	0.003975356	6.35E-06	23
289	20	26	60	55G9	0.003975356	6.35E-06	24
236	29	26	65	55G9	0.004307749	6.89E-06	25
235	35	26	65	55G9	0.004307749	6.89E-06	26
233	40	26	60	55G9	0.003975356	6.35E-06	27
255	46	26	65	55G9	0.004307749	6.89E-06	28
188	49	26	60	55G9	0.003975356	6.35E-06	29
15	80	26	50	55G9	0.003311083	5.29E-06	30
567	496	26	55	55G9	0.003643134	5.82E-06	31
23	489	26	55	55G9	0.003643134	5.82E-06	32
16	298	26	55	55G9	0.003643134	5.82E-06	33
368	254	26	65	55G9	0.004307749	6.89E-06	34
88	580	26	60	55G9	0.003975356	6.35E-06	35
53	206	26	65	55G9	0.004307749	6.89E-06	36
364	181	26	70	55G9	0.004640313	7.42E-06	37
343	144	26	55	55G9	0.003643134	5.82E-06	38
169	144	26	65	55G9	0.004307749	6.89E-06	39
65	159	26	60	55G9	0.003975356	6.35E-06	40
1190	86	26	60	55G9	0.003975356	6.35E-06	41
70	119	26	60	55G9	0.003975356	6.35E-06	42
77	161	26	75	55G9	0.004973049	7.95E-06	43
90	177	26	65	55G9	0.004307749	6.89E-06	44
89	137	26	60	55G9	0.003975356	6.35E-06	45
182	138	26	60	55G9	0.003975356	6.35E-06	46
257	105	26	65	55G9	0.004307749	6.89E-06	47
93	179	26	70	55G9	0.004640313	7.42E-06	48
161	348	26	65	55G9	0.004307749	6.89E-06	49
82	230	26	70	55G9	0.004640313	7.42E-06	50
104	140	26	65	55G9	0.004307749	6.89E-06	51
131	236	26	60	55G9	0.003975356	6.35E-06	52
785	412	26	85	55G9	0.005639035	9.01E-06	53
36	144	26	65	55G9	0.004307749	6.89E-06	54
197	48	26	60	55G9	0.003975356	6.35E-06	55
98	89	26	65	55G9	0.004307749	6.89E-06	56
448	275	26	65	55G9	0.004307749	6.89E-06	57
258	210	26	60	55G9	0.003975356	6.35E-06	58
394	118	26	60	55G9	0.003975356	6.35E-06	59
NA	NA	26	NA	55G9	625.3578008	0.999612853	60
282	70	27	60	55H0	0.003975356	5.77E-06	1
174	63	27	55	55H0	0.003643134	5.29E-06	2
151	58	27	55	55H0	0.003643134	5.29E-06	3
266	95	27	50	55H0	0.003311083	4.81E-06	4
371	97	27	55	55H0	0.003643134	5.29E-06	5
233	96	27	50	55H0	0.003311083	4.81E-06	6
97	96	27	50	55H0	0.003311083	4.81E-06	7
489	104	27	50	55H0	0.003311083	4.81E-06	8
353	22	27	45	55H0	0.002979204	4.33E-06	9
575	1	27	35	55H0	0.002315959	3.36E-06	10
916	53	27	35	55H0	0.002315959	3.36E-06	11
260	43	27	40	55H0	0.002647496	3.84E-06	12
117	159	27	40	55H0	0.002647496	3.84E-06	13
522	293	27	40	55H0	0.002647496	3.84E-06	14
2002	298	27	45	55H0	0.002979204	4.33E-06	15
1488	177	27	50	55H0	0.003311083	4.81E-06	16
915	75	27	50	55H0	0.003311083	4.81E-06	17
204	84	27	40	55H0	0.002647496	3.84E-06	18
311	1	27	35	55H0	0.002315959	3.36E-06	19
184	0	27	25	55H0	0.0016534	2.40E-06	20
509	3	27	40	55H0	0.002647496	3.84E-06	21
905	45	27	45	55H0	0.002979204	4.33E-06	22
609	63	27	50	55H0	0.003311083	4.81E-06	23
757	75	27	50	55H0	0.003311083	4.81E-06	24
291	41	27	50	55H0	0.003311083	4.81E-06	25
522	35	27	50	55H0	0.003311083	4.81E-06	26
583	26	27	50	55H0	0.003311083	4.81E-06	27
236	84	27	60	55H0	0.003975356	5.77E-06	28
308	81	27	55	55H0	0.003643134	5.29E-06	29
627	32	27	50	55H0	0.003311083	4.81E-06	30
366	57	27	50	55H0	0.003311083	4.81E-06	31
393	86	27	45	55H0	0.002979204	4.33E-06	32
465	105	27	45	55H0	0.002979204	4.33E-06	33
1172	78	27	45	55H0	0.002979204	4.33E-06	34
1781	125	27	55	55H0	0.003643134	5.29E-06	35
236	102	27	55	55H0	0.003643134	5.29E-06	36
1363	82	27	55	55H0	0.003643134	5.29E-06	37
934	125	27	60	55H0	0.003975356	5.77E-06	38
280	125	27	55	55H0	0.003643134	5.29E-06	39
1228	172	27	55	55H0	0.003643134	5.29E-06	40
115	14	27	50	55H0	0.003311083	4.81E-06	41
158	8	27	50	55H0	0.003311083	4.81E-06	42
570	71	27	50	55H0	0.003311083	4.81E-06	43
21	55	27	50	55H0	0.003311083	4.81E-06	44
4	98	27	50	55H0	0.003311083	4.81E-06	45
44	203	27	50	55H0	0.003311083	4.81E-06	46
223	161	27	60	55H0	0.003975356	5.77E-06	47
225	88	27	50	55H0	0.003311083	4.81E-06	48
NA	NA	27	NA	55H0	688.4453747	0.99977545	49
NA	NA	28	NA	55H1	86.69998	0.999999769	1
NA	NA	28	NA	55H1	1.00E-05	1.15E-07	2
NA	NA	28	NA	55H1	1.00E-05	1.15E-07	3
