ch1	ch2	Rec	meanD	Rec2	Ae	pA	LOG
144.368	0	1	30	50G7	0.001984594	4.92E-06	1
256.42	0	1	30	50G7	0.001984594	4.92E-06	2
239.877	0	1	30	50G7	0.001984594	4.92E-06	3
558.234	4.334	1	35	50G7	0.002315959	5.75E-06	4
590.464	0	1	30	50G7	0.001984594	4.92E-06	5
940.246	0	1	30	50G7	0.001984594	4.92E-06	6
136.457	74.904	1	35	50G7	0.002315959	5.75E-06	7
151.973	260.044	1	40	50G7	0.002647496	6.57E-06	8
163.102	97.089	1	50	50G7	0.003311083	8.21E-06	9
176.45	213.071	1	35	50G7	0.002315959	5.75E-06	10
186.176	70.251	1	35	50G7	0.002315959	5.75E-06	11
1308.158	0	1	30	50G7	0.001984594	4.92E-06	12
288.004	0	1	30	50G7	0.001984594	4.92E-06	13
1556.82	0	1	30	50G7	0.001984594	4.92E-06	14
328.771	0	1	20	50G7	0.001322377	3.28E-06	15
2.654	0	1	20	50G7	0.001322377	3.28E-06	16
201.065	0	1	15	50G7	0.000991526	2.46E-06	17
184.878	0	1	30	50G7	0.001984594	4.92E-06	18
153.327	0	1	30	50G7	0.001984594	4.92E-06	19
168.953	0	1	30	50G7	0.001984594	4.92E-06	20
274.357	0	1	30	50G7	0.001984594	4.92E-06	21
99.166	0	1	30	50G7	0.001984594	4.92E-06	22
189.516	0	1	30	50G7	0.001984594	4.92E-06	23
353.815	4.353	1	35	50G7	0.002315959	5.75E-06	24
275.887	2.506	1	35	50G7	0.002315959	5.75E-06	25
552.055	0.938	1	35	50G7	0.002315959	5.75E-06	26
621.895	0	1	30	50G7	0.001984594	4.92E-06	27
810.339	0	1	30	50G7	0.001984594	4.92E-06	28
777.89	3.035	1	35	50G7	0.002315959	5.75E-06	29
NA	NA	1	NA	50G7	403.040124	0.999851461	30
24.081	29.374	2	50	50G8	0.003311083	3.97E-06	1
3.861	52.612	2	45	50G8	0.002979204	3.57E-06	2
239.066	43.268	2	40	50G8	0.002647496	3.18E-06	3
11.591	22.55	2	45	50G8	0.002979204	3.57E-06	4
123.253	25.817	2	45	50G8	0.002979204	3.57E-06	5
1036.528	29.2	2	40	50G8	0.002647496	3.18E-06	6
30.419	15.837	2	40	50G8	0.002647496	3.18E-06	7
91.844	0	2	30	50G8	0.001984594	2.38E-06	8
120.238	0	2	30	50G8	0.001984594	2.38E-06	9
55.009	0	2	30	50G8	0.001984594	2.38E-06	10
54.949	5.654	2	35	50G8	0.002315959	2.78E-06	11
57.848	5.919	2	35	50G8	0.002315959	2.78E-06	12
132.54	3.898	2	35	50G8	0.002315959	2.78E-06	13
208.519	0.566	2	35	50G8	0.002315959	2.78E-06	14
68.766	16.384	2	35	50G8	0.002315959	2.78E-06	15
132.399	7.505	2	35	50G8	0.002315959	2.78E-06	16
54.151	7.375	2	35	50G8	0.002315959	2.78E-06	17
187.81	10.236	2	35	50G8	0.002315959	2.78E-06	18
135.708	8.466	2	40	50G8	0.002647496	3.18E-06	19
286.446	0	2	30	50G8	0.001984594	2.38E-06	20
321.181	0	2	30	50G8	0.001984594	2.38E-06	21
195.695	0	2	30	50G8	0.001984594	2.38E-06	22
61.304	0	2	25	50G8	0.0016534	1.98E-06	23
372.027	0	2	35	50G8	0.002315959	2.78E-06	24
82.298	17.37	2	35	50G8	0.002315959	2.78E-06	25
51.089	54.688	2	40	50G8	0.002647496	3.18E-06	26
101.55	39.381	2	35	50G8	0.002315959	2.78E-06	27
230.701	34.957	2	35	50G8	0.002315959	2.78E-06	28
18.629	42.007	2	35	50G8	0.002315959	2.78E-06	29
226.713	26.853	2	35	50G8	0.002315959	2.78E-06	30
35.954	13.689	2	35	50G8	0.002315959	2.78E-06	31
362.525	9.376	2	35	50G8	0.002315959	2.78E-06	32
196.598	30.904	2	35	50G8	0.002315959	2.78E-06	33
434.007	54.351	2	40	50G8	0.002647496	3.18E-06	34
31.861	11.138	2	35	50G8	0.002315959	2.78E-06	35
237.865	10.054	2	35	50G8	0.002315959	2.78E-06	36
399.257	2.222	2	40	50G8	0.002647496	3.18E-06	37
693.015	0	2	30	50G8	0.001984594	2.38E-06	38
639.515	18.227	2	35	50G8	0.002315959	2.78E-06	39
22.878	26.214	2	35	50G8	0.002315959	2.78E-06	40
251.671	134.103	2	35	50G8	0.002315959	2.78E-06	41
168.903	12.325	2	35	50G8	0.002315959	2.78E-06	42
574.244	0	2	30	50G8	0.001984594	2.38E-06	43
512.22	0	2	30	50G8	0.001984594	2.38E-06	44
341.513	0	2	40	50G8	0.002647496	3.18E-06	45
532.087	0	2	35	50G8	0.002315959	2.78E-06	46
244.3	18.568	2	35	50G8	0.002315959	2.78E-06	47
60.338	13.312	2	40	50G8	0.002647496	3.18E-06	48
77.762	55.549	2	50	50G8	0.003311083	3.97E-06	49
30.165	83.908	2	45	50G8	0.002979204	3.57E-06	50
10.604	35.2	2	50	50G8	0.003311083	3.97E-06	51
9.477	25.775	2	45	50G8	0.002979204	3.57E-06	52
52.265	54.566	2	45	50G8	0.002979204	3.57E-06	53
10.669	79.945	2	50	50G8	0.003311083	3.97E-06	54
206.664	54.686	2	50	50G8	0.003311083	3.97E-06	55
842.528	123.848	2	50	50G8	0.003311083	3.97E-06	56
86.757	130.285	2	50	50G8	0.003311083	3.97E-06	57
15.019	143.812	2	55	50G8	0.003643134	4.37E-06	58
26.517	95.373	2	55	50G8	0.003643134	4.37E-06	59
397.072	18.201	2	40	50G8	0.002647496	3.18E-06	60
245.93	61.339	2	55	50G8	0.003643134	4.37E-06	61
890.149	137.262	2	50	50G8	0.003311083	3.97E-06	62
378.368	91.809	2	75	50G8	0.004973049	5.97E-06	63
54.79	70.624	2	75	50G8	0.004973049	5.97E-06	64
618.611	54.509	2	75	50G8	0.004973049	5.97E-06	65
403.517	85.449	2	70	50G8	0.004640313	5.57E-06	66
NA	NA	2	NA	50G8	833.2212586	0.999785527	67
336.53	33.904	3	40	50G9	0.002647496	3.01E-06	1
396.044	30.458	3	45	50G9	0.002979204	3.39E-06	2
428.291	25.389	3	40	50G9	0.002647496	3.01E-06	3
333.69	25.244	3	45	50G9	0.002979204	3.39E-06	4
282.897	32.546	3	45	50G9	0.002979204	3.39E-06	5
137.627	19.674	3	45	50G9	0.002979204	3.39E-06	6
137.62	24.315	3	45	50G9	0.002979204	3.39E-06	7
75.185	26.894	3	45	50G9	0.002979204	3.39E-06	8
54.804	24.687	3	50	50G9	0.003311083	3.76E-06	9
91.2	38.667	3	50	50G9	0.003311083	3.76E-06	10
102.265	28.565	3	50	50G9	0.003311083	3.76E-06	11
10.785	37.716	3	55	50G9	0.003643134	4.14E-06	12
6.951	16.852	3	55	50G9	0.003643134	4.14E-06	13
147.91	48.141	3	55	50G9	0.003643134	4.14E-06	14
40.966	14.164	3	50	50G9	0.003311083	3.76E-06	15
31.887	28.425	3	50	50G9	0.003311083	3.76E-06	16
78.179	26.586	3	45	50G9	0.002979204	3.39E-06	17
100.523	50.242	3	50	50G9	0.003311083	3.76E-06	18
23.21	49.379	3	60	50G9	0.003975356	4.52E-06	19
120.895	50.643	3	55	50G9	0.003643134	4.14E-06	20
42.596	49.048	3	55	50G9	0.003643134	4.14E-06	21
58.553	57.541	3	55	50G9	0.003643134	4.14E-06	22
260.745	64.059	3	55	50G9	0.003643134	4.14E-06	23
12.517	51.758	3	55	50G9	0.003643134	4.14E-06	24
10.254	46.611	3	55	50G9	0.003643134	4.14E-06	25
583.839	33.399	3	50	50G9	0.003311083	3.76E-06	26
34.915	37.551	3	50	50G9	0.003311083	3.76E-06	27
27.067	66.981	3	55	50G9	0.003643134	4.14E-06	28
18.467	35.814	3	50	50G9	0.003311083	3.76E-06	29
89.329	40.404	3	50	50G9	0.003311083	3.76E-06	30
129.183	98.556	3	60	50G9	0.003975356	4.52E-06	31
19.39	121.394	3	60	50G9	0.003975356	4.52E-06	32
79.042	128.369	3	60	50G9	0.003975356	4.52E-06	33
296.633	82.8	3	60	50G9	0.003975356	4.52E-06	34
531.49	58.702	3	60	50G9	0.003975356	4.52E-06	35
315.961	20.617	3	60	50G9	0.003975356	4.52E-06	36
326.422	10.878	3	60	50G9	0.003975356	4.52E-06	37
287.422	16.042	3	65	50G9	0.004307749	4.90E-06	38
284.587	25.347	3	60	50G9	0.003975356	4.52E-06	39
313.344	11.326	3	65	50G9	0.004307749	4.90E-06	40
361.01	11.785	3	60	50G9	0.003975356	4.52E-06	41
322.896	5.911	3	55	50G9	0.003643134	4.14E-06	42
261.637	2.828	3	55	50G9	0.003643134	4.14E-06	43
176.336	1.694	3	50	50G9	0.003311083	3.76E-06	44
235.836	4.76	3	60	50G9	0.003975356	4.52E-06	45
259.054	4.683	3	50	50G9	0.003311083	3.76E-06	46
154.487	4.39	3	60	50G9	0.003975356	4.52E-06	47
304.886	7.632	3	55	50G9	0.003643134	4.14E-06	48
202.125	7.847	3	60	50G9	0.003975356	4.52E-06	49
127.417	4.193	3	55	50G9	0.003643134	4.14E-06	50
153.593	3.492	3	50	50G9	0.003311083	3.76E-06	51
174.635	15.774	3	55	50G9	0.003643134	4.14E-06	52
179.324	11.246	3	55	50G9	0.003643134	4.14E-06	53
145.748	9.9	3	60	50G9	0.003975356	4.52E-06	54
155.215	5.496	3	55	50G9	0.003643134	4.14E-06	55
157.644	5.141	3	55	50G9	0.003643134	4.14E-06	56
127.027	0.65	3	40	50G9	0.002647496	3.01E-06	57
173.792	1.53	3	55	50G9	0.003643134	4.14E-06	58
232.543	2.322	3	50	50G9	0.003311083	3.76E-06	59
471.496	19.916	3	45	50G9	0.002979204	3.39E-06	60
369.547	17.201	3	45	50G9	0.002979204	3.39E-06	61
337.463	9.896	3	45	50G9	0.002979204	3.39E-06	62
323.606	14.61	3	45	50G9	0.002979204	3.39E-06	63
291.659	20.611	3	45	50G9	0.002979204	3.39E-06	64
250.741	24.509	3	45	50G9	0.002979204	3.39E-06	65
268.163	17.905	3	45	50G9	0.002979204	3.39E-06	66
390.048	33.415	3	45	50G9	0.002979204	3.39E-06	67
266.932	40.376	3	45	50G9	0.002979204	3.39E-06	68
330.396	83.19	3	45	50G9	0.002979204	3.39E-06	69
261.16	31.288	3	40	50G9	0.002647496	3.01E-06	70
235.164	23.791	3	45	50G9	0.002979204	3.39E-06	71
330.159	32.376	3	45	50G9	0.002979204	3.39E-06	72
373.146	31.089	3	45	50G9	0.002979204	3.39E-06	73
424.57	36.839	3	40	50G9	0.002647496	3.01E-06	74
250.384	33.426	3	40	50G9	0.002647496	3.01E-06	75
209.282	21.29	3	40	50G9	0.002647496	3.01E-06	76
178.591	23.509	3	40	50G9	0.002647496	3.01E-06	77
196.112	24.597	3	40	50G9	0.002647496	3.01E-06	78
186.684	43.07	3	45	50G9	0.002979204	3.39E-06	79
158.547	28.011	3	40	50G9	0.002647496	3.01E-06	80
120.313	53.474	3	45	50G9	0.002979204	3.39E-06	81
104.759	80.212	3	45	50G9	0.002979204	3.39E-06	82
168.795	77.563	3	45	50G9	0.002979204	3.39E-06	83
148.188	96.252	3	45	50G9	0.002979204	3.39E-06	84
29.963	73.966	3	45	50G9	0.002979204	3.39E-06	85
40.804	38.55	3	40	50G9	0.002647496	3.01E-06	86
47.227	26.739	3	40	50G9	0.002647496	3.01E-06	87
65.058	72.291	3	45	50G9	0.002979204	3.39E-06	88
47.219	82.876	3	45	50G9	0.002979204	3.39E-06	89
51.207	73.264	3	40	50G9	0.002647496	3.01E-06	90
485.59	94.169	3	45	50G9	0.002979204	3.39E-06	91
252.484	56.232	3	45	50G9	0.002979204	3.39E-06	92
NA	NA	3	NA	50G9	879.1963613	0.99965476	93
1105.64	13.176	4	40	50H0	0.002647496	3.33E-06	1
1074.115	13.348	4	40	50H0	0.002647496	3.33E-06	2
1247.913	16.454	4	40	50H0	0.002647496	3.33E-06	3
1796.495	15.914	4	40	50H0	0.002647496	3.33E-06	4
1522.167	12.154	4	40	50H0	0.002647496	3.33E-06	5
1903.585	9.798	4	35	50H0	0.002315959	2.91E-06	6
1702.019	0	4	30	50H0	0.001984594	2.50E-06	7
1344.515	0.982	4	35	50H0	0.002315959	2.91E-06	8
1724.064	16.965	4	35	50H0	0.002315959	2.91E-06	9
2162.859	36.403	4	35	50H0	0.002315959	2.91E-06	10
1861.744	14.727	4	35	50H0	0.002315959	2.91E-06	11
1255.672	5.23	4	40	50H0	0.002647496	3.33E-06	12
1111.399	27.998	4	35	50H0	0.002315959	2.91E-06	13
1058.632	28.932	4	45	50H0	0.002979204	3.75E-06	14
825.865	20.472	4	40	50H0	0.002647496	3.33E-06	15
690.412	18.519	4	40	50H0	0.002647496	3.33E-06	16
950.897	34.272	4	40	50H0	0.002647496	3.33E-06	17
942.242	17.825	4	35	50H0	0.002315959	2.91E-06	18
794.006	23.195	4	35	50H0	0.002315959	2.91E-06	19
506.167	7.578	4	35	50H0	0.002315959	2.91E-06	20
586.393	2.815	4	35	50H0	0.002315959	2.91E-06	21
417.96	8.6	4	35	50H0	0.002315959	2.91E-06	22
418.657	2.909	4	35	50H0	0.002315959	2.91E-06	23
421.514	12.245	4	35	50H0	0.002315959	2.91E-06	24
441.495	1.804	4	35	50H0	0.002315959	2.91E-06	25
340.065	18.214	4	40	50H0	0.002647496	3.33E-06	26
223.008	8.404	4	35	50H0	0.002315959	2.91E-06	27
198.253	10.881	4	40	50H0	0.002647496	3.33E-06	28
229.897	10.045	4	40	50H0	0.002647496	3.33E-06	29
193.166	15.181	4	45	50H0	0.002979204	3.75E-06	30
379.795	40.792	4	45	50H0	0.002979204	3.75E-06	31
533.028	38.091	4	40	50H0	0.002647496	3.33E-06	32
475.738	20.532	4	40	50H0	0.002647496	3.33E-06	33
251.7	1.868	4	50	50H0	0.003311083	4.16E-06	34
186.208	1.15	4	40	50H0	0.002647496	3.33E-06	35
237.641	0	4	30	50H0	0.001984594	2.50E-06	36
184.675	3.294	4	50	50H0	0.003311083	4.16E-06	37
129.499	12.174	4	60	50H0	0.003975356	5.00E-06	38
134.179	19.523	4	55	50H0	0.003643134	4.58E-06	39
239.926	14.321	4	55	50H0	0.003643134	4.58E-06	40
212.884	5.006	4	55	50H0	0.003643134	4.58E-06	41
274.065	2.096	4	50	50H0	0.003311083	4.16E-06	42
354.039	10.462	4	55	50H0	0.003643134	4.58E-06	43
366.182	15.559	4	55	50H0	0.003643134	4.58E-06	44
216.717	13.771	4	55	50H0	0.003643134	4.58E-06	45
173.862	6.303	4	50	50H0	0.003311083	4.16E-06	46
187.394	12.457	4	50	50H0	0.003311083	4.16E-06	47
326.859	5.117	4	45	50H0	0.002979204	3.75E-06	48
529.98	15.927	4	45	50H0	0.002979204	3.75E-06	49
590.633	24.491	4	50	50H0	0.003311083	4.16E-06	50
470.838	32.376	4	45	50H0	0.002979204	3.75E-06	51
450.319	27.502	4	45	50H0	0.002979204	3.75E-06	52
576.969	28.109	4	45	50H0	0.002979204	3.75E-06	53
555.294	38.482	4	55	50H0	0.003643134	4.58E-06	54
861.537	35.099	4	45	50H0	0.002979204	3.75E-06	55
798.136	60.052	4	45	50H0	0.002979204	3.75E-06	56
428.04	85.665	4	45	50H0	0.002979204	3.75E-06	57
552.875	29.127	4	45	50H0	0.002979204	3.75E-06	58
447.398	74.591	4	40	50H0	0.002647496	3.33E-06	59
676.001	57.172	4	40	50H0	0.002647496	3.33E-06	60
555.987	5.617	4	40	50H0	0.002647496	3.33E-06	61
430.283	26.692	4	40	50H0	0.002647496	3.33E-06	62
342.16	16.805	4	45	50H0	0.002979204	3.75E-06	63
287.808	20.483	4	45	50H0	0.002979204	3.75E-06	64
284.166	12.483	4	45	50H0	0.002979204	3.75E-06	65
395.184	17.764	4	45	50H0	0.002979204	3.75E-06	66
532.103	21.035	4	45	50H0	0.002979204	3.75E-06	67
525.837	20.033	4	45	50H0	0.002979204	3.75E-06	68
NA	NA	4	NA	50H0	794.9080195	0.999758546	69
NA	NA	5	NA	50H1	41.59998	0.999999519	1
NA	NA	5	NA	50H1	1.00E-05	2.40E-07	2
NA	NA	5	NA	50H1	1.00E-05	2.40E-07	3
584.493	163.307	6	45	51G7	0.002979204	4.85E-06	1
798.242	201.436	6	45	51G7	0.002979204	4.85E-06	2
817.8	235.643	6	40	51G7	0.002647496	4.31E-06	3
107.883	117.988	6	40	51G7	0.002647496	4.31E-06	4
128.328	171.812	6	45	51G7	0.002979204	4.85E-06	5
80.066	134.806	6	40	51G7	0.002647496	4.31E-06	6
317.177	175.911	6	35	51G7	0.002315959	3.77E-06	7
134.308	166.419	6	45	51G7	0.002979204	4.85E-06	8
157.983	77.908	6	35	51G7	0.002315959	3.77E-06	9
535.467	24.782	6	35	51G7	0.002315959	3.77E-06	10
1421.444	21.582	6	35	51G7	0.002315959	3.77E-06	11
239.138	0	6	30	51G7	0.001984594	3.23E-06	12
736.964	0	6	30	51G7	0.001984594	3.23E-06	13
815.065	0	6	30	51G7	0.001984594	3.23E-06	14
980.025	0	6	30	51G7	0.001984594	3.23E-06	15
711.874	0	6	30	51G7	0.001984594	3.23E-06	16
501.873	0.967	6	35	51G7	0.002315959	3.77E-06	17
309.074	3.968	6	35	51G7	0.002315959	3.77E-06	18
392.974	3.514	6	35	51G7	0.002315959	3.77E-06	19
280.151	0.621	6	35	51G7	0.002315959	3.77E-06	20
300.277	0	6	30	51G7	0.001984594	3.23E-06	21
561.796	0.552	6	35	51G7	0.002315959	3.77E-06	22
1115.61	6.369	6	35	51G7	0.002315959	3.77E-06	23
1004.861	6.662	6	35	51G7	0.002315959	3.77E-06	24
895.586	15.186	6	40	51G7	0.002647496	4.31E-06	25
754.985	5.341	6	35	51G7	0.002315959	3.77E-06	26
488.809	6.528	6	40	51G7	0.002647496	4.31E-06	27
435.332	6.282	6	40	51G7	0.002647496	4.31E-06	28
247.594	11.519	6	40	51G7	0.002647496	4.31E-06	29
344.988	8.686	6	40	51G7	0.002647496	4.31E-06	30
237.096	2.645	6	40	51G7	0.002647496	4.31E-06	31
262.799	0	6	30	51G7	0.001984594	3.23E-06	32
575.305	0	6	30	51G7	0.001984594	3.23E-06	33
806.525	0	6	30	51G7	0.001984594	3.23E-06	34
704.995	0	6	30	51G7	0.001984594	3.23E-06	35
583.827	12.502	6	35	51G7	0.002315959	3.77E-06	36
571.158	16.405	6	40	51G7	0.002647496	4.31E-06	37
895.136	17.622	6	40	51G7	0.002647496	4.31E-06	38
520.325	28.685	6	40	51G7	0.002647496	4.31E-06	39
657.808	41.445	6	40	51G7	0.002647496	4.31E-06	40
592.276	42.031	6	40	51G7	0.002647496	4.31E-06	41
513.146	26.584	6	40	51G7	0.002647496	4.31E-06	42
389.958	38.592	6	45	51G7	0.002979204	4.85E-06	43
258.79	54.957	6	45	51G7	0.002979204	4.85E-06	44
351.581	30.043	6	40	51G7	0.002647496	4.31E-06	45
784.452	53.889	6	40	51G7	0.002647496	4.31E-06	46
NA	NA	6	NA	51G7	614.3871639	0.999816377	47
841.937	20.74	7	40	51G8	0.002647496	3.07E-06	1
615.897	28.34	7	40	51G8	0.002647496	3.07E-06	2
853.992	12.332	7	35	51G8	0.002315959	2.68E-06	3
578.736	12.841	7	35	51G8	0.002315959	2.68E-06	4
438.838	13.608	7	40	51G8	0.002647496	3.07E-06	5
485.298	12.629	7	40	51G8	0.002647496	3.07E-06	6
456.358	16.781	7	35	51G8	0.002315959	2.68E-06	7
743.157	10.49	7	35	51G8	0.002315959	2.68E-06	8
815.844	2.195	7	35	51G8	0.002315959	2.68E-06	9
822.775	2.822	7	35	51G8	0.002315959	2.68E-06	10
1322.665	14.262	7	35	51G8	0.002315959	2.68E-06	11
1976.664	3.781	7	35	51G8	0.002315959	2.68E-06	12
1296.938	0	7	30	51G8	0.001984594	2.30E-06	13
1198.664	16.843	7	35	51G8	0.002315959	2.68E-06	14
899.809	73.428	7	35	51G8	0.002315959	2.68E-06	15
720.851	37.763	7	40	51G8	0.002647496	3.07E-06	16
637.32	52.074	7	45	51G8	0.002979204	3.45E-06	17
578.488	57.234	7	40	51G8	0.002647496	3.07E-06	18
698.571	25.864	7	40	51G8	0.002647496	3.07E-06	19
528.201	38.401	7	35	51G8	0.002315959	2.68E-06	20
621.249	30.623	7	40	51G8	0.002647496	3.07E-06	21
461.525	43.258	7	40	51G8	0.002647496	3.07E-06	22
506.733	22.488	7	35	51G8	0.002315959	2.68E-06	23
640.166	1.591	7	35	51G8	0.002315959	2.68E-06	24
568.469	0	7	30	51G8	0.001984594	2.30E-06	25
423.421	31.084	7	40	51G8	0.002647496	3.07E-06	26
347.567	48.236	7	40	51G8	0.002647496	3.07E-06	27
223.632	64.164	7	45	51G8	0.002979204	3.45E-06	28
293.925	64.052	7	45	51G8	0.002979204	3.45E-06	29
347.466	71.571	7	45	51G8	0.002979204	3.45E-06	30
184.011	59.593	7	45	51G8	0.002979204	3.45E-06	31
179.326	78.725	7	50	51G8	0.003311083	3.83E-06	32
340.005	133.222	7	50	51G8	0.003311083	3.83E-06	33
343.807	135.397	7	50	51G8	0.003311083	3.83E-06	34
290.136	166.473	7	45	51G8	0.002979204	3.45E-06	35
649.281	164.839	7	45	51G8	0.002979204	3.45E-06	36
484.485	186.869	7	45	51G8	0.002979204	3.45E-06	37
503.466	136.878	7	45	51G8	0.002979204	3.45E-06	38
750.826	82.251	7	45	51G8	0.002979204	3.45E-06	39
602.693	82.289	7	45	51G8	0.002979204	3.45E-06	40
784.262	61.563	7	40	51G8	0.002647496	3.07E-06	41
489.675	73.354	7	40	51G8	0.002647496	3.07E-06	42
733.574	106.204	7	40	51G8	0.002647496	3.07E-06	43
1035.665	151.231	7	40	51G8	0.002647496	3.07E-06	44
879.201	140.444	7	40	51G8	0.002647496	3.07E-06	45
703.067	118.317	7	40	51G8	0.002647496	3.07E-06	46
969.049	186.545	7	40	51G8	0.002647496	3.07E-06	47
659.696	146.765	7	35	51G8	0.002315959	2.68E-06	48
580.823	158.021	7	40	51G8	0.002647496	3.07E-06	49
325.177	188.593	7	40	51G8	0.002647496	3.07E-06	50
371.01	139.502	7	35	51G8	0.002315959	2.68E-06	51
274.846	226.53	7	35	51G8	0.002315959	2.68E-06	52
194.097	220.991	7	35	51G8	0.002315959	2.68E-06	53
210.05	281.976	7	35	51G8	0.002315959	2.68E-06	54
237.087	207.492	7	35	51G8	0.002315959	2.68E-06	55
342.107	299.067	7	35	51G8	0.002315959	2.68E-06	56
77.616	360.147	7	40	51G8	0.002647496	3.07E-06	57
1013.609	654.892	7	40	51G8	0.002647496	3.07E-06	58
155.677	643.357	7	40	51G8	0.002647496	3.07E-06	59
98.193	848.283	7	45	51G8	0.002979204	3.45E-06	60
13.449	394.169	7	45	51G8	0.002979204	3.45E-06	61
115.754	307.579	7	50	51G8	0.003311083	3.83E-06	62
38.735	217.974	7	50	51G8	0.003311083	3.83E-06	63
162.062	146.256	7	50	51G8	0.003311083	3.83E-06	64
3.407	146.687	7	50	51G8	0.003311083	3.83E-06	65
5.963	137.478	7	50	51G8	0.003311083	3.83E-06	66
12.25	329.198	7	45	51G8	0.002979204	3.45E-06	67
174.557	257.894	7	40	51G8	0.002647496	3.07E-06	68
8.192	306.343	7	45	51G8	0.002979204	3.45E-06	69
198.826	140.271	7	40	51G8	0.002647496	3.07E-06	70
366.627	0	7	30	51G8	0.001984594	2.30E-06	71
833.889	0	7	30	51G8	0.001984594	2.30E-06	72
257.866	12.571	7	35	51G8	0.002315959	2.68E-06	73
530.439	7.197	7	35	51G8	0.002315959	2.68E-06	74
292.429	3.299	7	35	51G8	0.002315959	2.68E-06	75
151.258	6.505	7	35	51G8	0.002315959	2.68E-06	76
668.732	6.516	7	35	51G8	0.002315959	2.68E-06	77
153.488	71.018	7	35	51G8	0.002315959	2.68E-06	78
72.974	111.644	7	35	51G8	0.002315959	2.68E-06	79
40.063	16.011	7	35	51G8	0.002315959	2.68E-06	80
40.153	198.082	7	40	51G8	0.002647496	3.07E-06	81
209.383	87.849	7	35	51G8	0.002315959	2.68E-06	82
81.73	52.39	7	35	51G8	0.002315959	2.68E-06	83
49.725	27	7	35	51G8	0.002315959	2.68E-06	84
142.274	6.166	7	35	51G8	0.002315959	2.68E-06	85
393.018	6.182	7	35	51G8	0.002315959	2.68E-06	86
651.746	26.829	7	35	51G8	0.002315959	2.68E-06	87
152.002	1.49	7	35	51G8	0.002315959	2.68E-06	88
139.442	0	7	30	51G8	0.001984594	2.30E-06	89
140.247	92.595	7	40	51G8	0.002647496	3.07E-06	90
11.388	118.153	7	45	51G8	0.002979204	3.45E-06	91
72.503	97.416	7	50	51G8	0.003311083	3.83E-06	92
292.271	73.686	7	45	51G8	0.002979204	3.45E-06	93
323.994	166.381	7	45	51G8	0.002979204	3.45E-06	94
448.173	175.623	7	45	51G8	0.002979204	3.45E-06	95
NA	NA	7	NA	51G8	863.4511314	0.999711858	96
339.823	0	8	25	51G9	0.0016534	1.91E-06	1
460.968	1.818	8	45	51G9	0.002979204	3.44E-06	2
350.771	1.294	8	45	51G9	0.002979204	3.44E-06	3
431.241	2.245	8	45	51G9	0.002979204	3.44E-06	4
399.922	0.729	8	40	51G9	0.002647496	3.06E-06	5
415.267	3.445	8	45	51G9	0.002979204	3.44E-06	6
364.196	0.896	8	40	51G9	0.002647496	3.06E-06	7
499.718	7.068	8	45	51G9	0.002979204	3.44E-06	8
407.277	3.475	8	45	51G9	0.002979204	3.44E-06	9
297.091	1.817	8	45	51G9	0.002979204	3.44E-06	10
238.222	2.037	8	45	51G9	0.002979204	3.44E-06	11
340.793	3.83	8	45	51G9	0.002979204	3.44E-06	12
359.524	5.598	8	50	51G9	0.003311083	3.82E-06	13
454.703	13.454	8	45	51G9	0.002979204	3.44E-06	14
464.416	8.529	8	45	51G9	0.002979204	3.44E-06	15
518.054	10.354	8	45	51G9	0.002979204	3.44E-06	16
637.872	9.649	8	45	51G9	0.002979204	3.44E-06	17
623.867	8.367	8	45	51G9	0.002979204	3.44E-06	18
496.006	9.249	8	45	51G9	0.002979204	3.44E-06	19
300.289	3.214	8	45	51G9	0.002979204	3.44E-06	20
238.564	3.227	8	45	51G9	0.002979204	3.44E-06	21
415.755	5.36	8	45	51G9	0.002979204	3.44E-06	22
456.197	9.063	8	45	51G9	0.002979204	3.44E-06	23
511.791	4.702	8	45	51G9	0.002979204	3.44E-06	24
369.417	7.286	8	45	51G9	0.002979204	3.44E-06	25
457.503	3.225	8	40	51G9	0.002647496	3.06E-06	26
317.361	6.642	8	40	51G9	0.002647496	3.06E-06	27
320.79	6.607	8	40	51G9	0.002647496	3.06E-06	28
364.998	9.474	8	40	51G9	0.002647496	3.06E-06	29
434.156	9.062	8	40	51G9	0.002647496	3.06E-06	30
520.333	16.81	8	40	51G9	0.002647496	3.06E-06	31
212.095	177.215	8	45	51G9	0.002979204	3.44E-06	32
823.169	105.936	8	45	51G9	0.002979204	3.44E-06	33
19.476	231.096	8	45	51G9	0.002979204	3.44E-06	34
276.772	164.546	8	50	51G9	0.003311083	3.82E-06	35
281.585	134.83	8	50	51G9	0.003311083	3.82E-06	36
195.328	239.529	8	50	51G9	0.003311083	3.82E-06	37
98.4	133.863	8	50	51G9	0.003311083	3.82E-06	38
88.626	210.6	8	50	51G9	0.003311083	3.82E-06	39
67.575	76.266	8	65	51G9	0.004307749	4.98E-06	40
59.12	53.169	8	65	51G9	0.004307749	4.98E-06	41
252.906	46.755	8	65	51G9	0.004307749	4.98E-06	42
129.471	48.392	8	65	51G9	0.004307749	4.98E-06	43
82.91	35.756	8	60	51G9	0.003975356	4.59E-06	44
113.372	53.592	8	55	51G9	0.003643134	4.21E-06	45
216.598	60.105	8	55	51G9	0.003643134	4.21E-06	46
52.743	51.655	8	55	51G9	0.003643134	4.21E-06	47
183.373	129.73	8	50	51G9	0.003311083	3.82E-06	48
193.715	88.07	8	55	51G9	0.003643134	4.21E-06	49
170.101	65.222	8	65	51G9	0.004307749	4.98E-06	50
64.485	59.486	8	60	51G9	0.003975356	4.59E-06	51
125.523	45.807	8	60	51G9	0.003975356	4.59E-06	52
297.99	47.753	8	55	51G9	0.003643134	4.21E-06	53
185.46	55.257	8	55	51G9	0.003643134	4.21E-06	54
195.545	48.172	8	55	51G9	0.003643134	4.21E-06	55
213.707	40.028	8	55	51G9	0.003643134	4.21E-06	56
15.624	18.992	8	50	51G9	0.003311083	3.82E-06	57
28.656	56.168	8	55	51G9	0.003643134	4.21E-06	58
56.032	58.74	8	55	51G9	0.003643134	4.21E-06	59
40.787	45.913	8	55	51G9	0.003643134	4.21E-06	60
85.959	56.984	8	60	51G9	0.003975356	4.59E-06	61
29.653	59.88	8	60	51G9	0.003975356	4.59E-06	62
81.678	65.923	8	65	51G9	0.004307749	4.98E-06	63
53.463	43.083	8	60	51G9	0.003975356	4.59E-06	64
124.157	43.503	8	55	51G9	0.003643134	4.21E-06	65
107.398	29.555	8	50	51G9	0.003311083	3.82E-06	66
144.479	49.272	8	55	51G9	0.003643134	4.21E-06	67
164.531	33.927	8	55	51G9	0.003643134	4.21E-06	68
NA	NA	8	NA	51G9	865.5751635	0.999740314	69
1289.878	14.185	9	55	51H0	0.003643134	4.21E-06	1
1255.745	17.908	9	50	51H0	0.003311083	3.82E-06	2
1383.903	23.068	9	55	51H0	0.003643134	4.21E-06	3
1209.067	43.456	9	55	51H0	0.003643134	4.21E-06	4
526.069	27.401	9	55	51H0	0.003643134	4.21E-06	5
437.197	23.578	9	55	51H0	0.003643134	4.21E-06	6
370.386	32.347	9	55	51H0	0.003643134	4.21E-06	7
219.389	18.954	9	55	51H0	0.003643134	4.21E-06	8
178.461	17.01	9	50	51H0	0.003311083	3.82E-06	9
160.667	19.197	9	55	51H0	0.003643134	4.21E-06	10
189.502	33.456	9	65	51H0	0.004307749	4.98E-06	11
195.018	45.597	9	65	51H0	0.004307749	4.98E-06	12
113.406	117.286	9	75	51H0	0.004973049	5.74E-06	13
181.779	111.192	9	70	51H0	0.004640313	5.36E-06	14
82.545	64.412	9	70	51H0	0.004640313	5.36E-06	15
46.601	52.321	9	70	51H0	0.004640313	5.36E-06	16
74.296	67.299	9	70	51H0	0.004640313	5.36E-06	17
43.528	89.931	9	70	51H0	0.004640313	5.36E-06	18
84.387	74.69	9	65	51H0	0.004307749	4.98E-06	19
21.416	50.365	9	65	51H0	0.004307749	4.98E-06	20
37.649	87.384	9	65	51H0	0.004307749	4.98E-06	21
83.426	30.571	9	70	51H0	0.004640313	5.36E-06	22
35.392	33.774	9	75	51H0	0.004973049	5.74E-06	23
21.749	18.493	9	60	51H0	0.003975356	4.59E-06	24
28.839	37.956	9	65	51H0	0.004307749	4.98E-06	25
86.299	25.677	9	65	51H0	0.004307749	4.98E-06	26
66.396	20.811	9	65	51H0	0.004307749	4.98E-06	27
90.396	38.742	9	65	51H0	0.004307749	4.98E-06	28
152.796	17.997	9	55	51H0	0.003643134	4.21E-06	29
161.811	16.19	9	70	51H0	0.004640313	5.36E-06	30
183.921	13.137	9	65	51H0	0.004307749	4.98E-06	31
152.428	6.772	9	45	51H0	0.002979204	3.44E-06	32
162.059	15.203	9	55	51H0	0.003643134	4.21E-06	33
126.685	9.58	9	55	51H0	0.003643134	4.21E-06	34
203.651	10.298	9	60	51H0	0.003975356	4.59E-06	35
177.204	14.56	9	60	51H0	0.003975356	4.59E-06	36
144.753	8.797	9	60	51H0	0.003975356	4.59E-06	37
148.496	6.594	9	55	51H0	0.003643134	4.21E-06	38
176.777	5.315	9	55	51H0	0.003643134	4.21E-06	39
108.04	4.616	9	50	51H0	0.003311083	3.82E-06	40
115.234	2.353	9	45	51H0	0.002979204	3.44E-06	41
164.291	6.811	9	55	51H0	0.003643134	4.21E-06	42
124.72	4.035	9	50	51H0	0.003311083	3.82E-06	43
144.329	2.958	9	55	51H0	0.003643134	4.21E-06	44
245.62	2.934	9	50	51H0	0.003311083	3.82E-06	45
151.498	1.882	9	50	51H0	0.003311083	3.82E-06	46
216.435	3.091	9	45	51H0	0.002979204	3.44E-06	47
193.637	3.164	9	50	51H0	0.003311083	3.82E-06	48
251.577	4.543	9	40	51H0	0.002647496	3.06E-06	49
313.848	9.986	9	45	51H0	0.002979204	3.44E-06	50
552.128	11.974	9	45	51H0	0.002979204	3.44E-06	51
613.481	10.386	9	45	51H0	0.002979204	3.44E-06	52
571.91	14.652	9	45	51H0	0.002979204	3.44E-06	53
445.017	9.949	9	45	51H0	0.002979204	3.44E-06	54
420.984	6.645	9	45	51H0	0.002979204	3.44E-06	55
340.131	7.777	9	45	51H0	0.002979204	3.44E-06	56
405.313	13.935	9	40	51H0	0.002647496	3.06E-06	57
488.894	13.785	9	40	51H0	0.002647496	3.06E-06	58
791.292	9.352	9	40	51H0	0.002647496	3.06E-06	59
1111.268	11.107	9	40	51H0	0.002647496	3.06E-06	60
736.466	15.033	9	40	51H0	0.002647496	3.06E-06	61
1270.641	20.942	9	40	51H0	0.002647496	3.06E-06	62
1245.377	26.374	9	40	51H0	0.002647496	3.06E-06	63
1609.329	20.843	9	40	51H0	0.002647496	3.06E-06	64
NA	NA	9	NA	51H0	865.4671487	0.999731025	65
NA	NA	10	NA	51H1	237.29998	0.999999916	1
NA	NA	10	NA	51H1	1.00E-05	4.21E-08	2
NA	NA	10	NA	51H1	1.00E-05	4.21E-08	3
627.105	10.633	11	45	52G7	0.002979204	6.17E-06	1
427.908	12.649	11	45	52G7	0.002979204	6.17E-06	2
614.307	7.222	11	45	52G7	0.002979204	6.17E-06	3
552.746	8.029	11	40	52G7	0.002647496	5.49E-06	4
566.168	8.641	11	50	52G7	0.003311083	6.86E-06	5
647.573	7.873	11	50	52G7	0.003311083	6.86E-06	6
879.57	8.707	11	45	52G7	0.002979204	6.17E-06	7
531.044	6.567	11	45	52G7	0.002979204	6.17E-06	8
533.398	6.858	11	45	52G7	0.002979204	6.17E-06	9
699.717	8.603	11	45	52G7	0.002979204	6.17E-06	10
598.45	7.231	11	40	52G7	0.002647496	5.49E-06	11
514.333	6.402	11	45	52G7	0.002979204	6.17E-06	12
363.471	7.577	11	50	52G7	0.003311083	6.86E-06	13
457.765	5.043	11	50	52G7	0.003311083	6.86E-06	14
435.506	3.834	11	45	52G7	0.002979204	6.17E-06	15
450.518	3.056	11	50	52G7	0.003311083	6.86E-06	16
31.954	278.531	11	50	52G7	0.003311083	6.86E-06	17
18.036	257.772	11	50	52G7	0.003311083	6.86E-06	18
12.185	217.991	11	50	52G7	0.003311083	6.86E-06	19
46.52	243.629	11	45	52G7	0.002979204	6.17E-06	20
11.274	429.807	11	50	52G7	0.003311083	6.86E-06	21
28.687	403.73	11	50	52G7	0.003311083	6.86E-06	22
15.078	246.322	11	45	52G7	0.002979204	6.17E-06	23
21.882	196.651	11	45	52G7	0.002979204	6.17E-06	24
64.059	512.032	11	45	52G7	0.002979204	6.17E-06	25
260.356	155.755	11	45	52G7	0.002979204	6.17E-06	26
689.525	119.366	11	40	52G7	0.002647496	5.49E-06	27
460.5	353.816	11	45	52G7	0.002979204	6.17E-06	28
14.769	300.356	11	45	52G7	0.002979204	6.17E-06	29
18.553	466.944	11	45	52G7	0.002979204	6.17E-06	30
13.615	554.111	11	45	52G7	0.002979204	6.17E-06	31
NA	NA	11	NA	52G7	482.505321	0.999803815	32
591.357	5.878	12	45	52G8	0.002979204	3.50E-06	1
455.008	7.147	12	50	52G8	0.003311083	3.89E-06	2
350.925	3.95	12	45	52G8	0.002979204	3.50E-06	3
167.262	3.79	12	45	52G8	0.002979204	3.50E-06	4
313.824	7.158	12	50	52G8	0.003311083	3.89E-06	5
290.169	3.38	12	45	52G8	0.002979204	3.50E-06	6
380.986	7.113	12	45	52G8	0.002979204	3.50E-06	7
476.728	4.005	12	45	52G8	0.002979204	3.50E-06	8
600.512	17.297	12	45	52G8	0.002979204	3.50E-06	9
505.912	7.063	12	45	52G8	0.002979204	3.50E-06	10
512.942	9.384	12	50	52G8	0.003311083	3.89E-06	11
314.058	10.074	12	50	52G8	0.003311083	3.89E-06	12
576.228	10.615	12	50	52G8	0.003311083	3.89E-06	13
761.955	8.02	12	45	52G8	0.002979204	3.50E-06	14
1166.823	22.955	12	45	52G8	0.002979204	3.50E-06	15
1254.38	25.094	12	45	52G8	0.002979204	3.50E-06	16
965.808	6.567	12	45	52G8	0.002979204	3.50E-06	17
1143.693	14.043	12	40	52G8	0.002647496	3.11E-06	18
820.149	0	12	30	52G8	0.001984594	2.33E-06	19
939.145	0	12	25	52G8	0.0016534	1.94E-06	20
865.658	0	12	25	52G8	0.0016534	1.94E-06	21
692.186	0	12	25	52G8	0.0016534	1.94E-06	22
1276.066	0	12	25	52G8	0.0016534	1.94E-06	23
892.706	0	12	25	52G8	0.0016534	1.94E-06	24
1313.676	0	12	30	52G8	0.001984594	2.33E-06	25
1695.921	0	12	25	52G8	0.0016534	1.94E-06	26
1157.155	0	12	30	52G8	0.001984594	2.33E-06	27
1268.5	0	12	30	52G8	0.001984594	2.33E-06	28
119.559	390.642	12	50	52G8	0.003311083	3.89E-06	29
44.251	189.305	12	50	52G8	0.003311083	3.89E-06	30
15.638	387.344	12	50	52G8	0.003311083	3.89E-06	31
971.337	350.531	12	50	52G8	0.003311083	3.89E-06	32
64.301	412.718	12	50	52G8	0.003311083	3.89E-06	33
129.04	294.894	12	50	52G8	0.003311083	3.89E-06	34
50.891	294.901	12	50	52G8	0.003311083	3.89E-06	35
49.124	342.729	12	50	52G8	0.003311083	3.89E-06	36
126.774	367.242	12	50	52G8	0.003311083	3.89E-06	37
116.795	202.319	12	50	52G8	0.003311083	3.89E-06	38
21.96	260.866	12	50	52G8	0.003311083	3.89E-06	39
17.037	340.781	12	50	52G8	0.003311083	3.89E-06	40
12.813	293.152	12	50	52G8	0.003311083	3.89E-06	41
167.063	383.053	12	50	52G8	0.003311083	3.89E-06	42
126.296	290.717	12	50	52G8	0.003311083	3.89E-06	43
12.8	720.985	12	45	52G8	0.002979204	3.50E-06	44
120.036	367.645	12	50	52G8	0.003311083	3.89E-06	45
77.81	306.532	12	45	52G8	0.002979204	3.50E-06	46
234.342	543.189	12	50	52G8	0.003311083	3.89E-06	47
9.348	201.233	12	45	52G8	0.002979204	3.50E-06	48
36.653	666.472	12	45	52G8	0.002979204	3.50E-06	49
1271.795	480.217	12	50	52G8	0.003311083	3.89E-06	50
14.441	362.15	12	50	52G8	0.003311083	3.89E-06	51
15.946	470.665	12	50	52G8	0.003311083	3.89E-06	52
11.551	526.903	12	50	52G8	0.003311083	3.89E-06	53
5.76	592.804	12	50	52G8	0.003311083	3.89E-06	54
172.719	546.237	12	50	52G8	0.003311083	3.89E-06	55
555.851	340.239	12	50	52G8	0.003311083	3.89E-06	56
195.314	477.199	12	45	52G8	0.002979204	3.50E-06	57
638.279	220.529	12	45	52G8	0.002979204	3.50E-06	58
480.598	559.938	12	45	52G8	0.002979204	3.50E-06	59
38.574	494.426	12	45	52G8	0.002979204	3.50E-06	60
146.93	356.558	12	45	52G8	0.002979204	3.50E-06	61
16.104	299.434	12	45	52G8	0.002979204	3.50E-06	62
50.229	318.624	12	45	52G8	0.002979204	3.50E-06	63
30.333	191.068	12	40	52G8	0.002647496	3.11E-06	64
10.327	318.783	12	40	52G8	0.002647496	3.11E-06	65
145.401	170.379	12	40	52G8	0.002647496	3.11E-06	66
30.923	52.395	12	40	52G8	0.002647496	3.11E-06	67
100.572	4.387	12	35	52G8	0.002315959	2.72E-06	68
350.075	0.916	12	35	52G8	0.002315959	2.72E-06	69
430.961	4.915	12	35	52G8	0.002315959	2.72E-06	70
156.715	8.806	12	35	52G8	0.002315959	2.72E-06	71
718.404	0	12	30	52G8	0.001984594	2.33E-06	72
1191.143	15.889	12	35	52G8	0.002315959	2.72E-06	73
1112.359	184.61	12	35	52G8	0.002315959	2.72E-06	74
780.319	213.574	12	35	52G8	0.002315959	2.72E-06	75
1286.014	52.454	12	35	52G8	0.002315959	2.72E-06	76
549.296	64.368	12	35	52G8	0.002315959	2.72E-06	77
334.886	42.111	12	35	52G8	0.002315959	2.72E-06	78
282.281	34.857	12	35	52G8	0.002315959	2.72E-06	79
439.876	23.347	12	35	52G8	0.002315959	2.72E-06	80
563.304	25.04	12	35	52G8	0.002315959	2.72E-06	81
735.475	47.018	12	35	52G8	0.002315959	2.72E-06	82
421.553	16.395	12	35	52G8	0.002315959	2.72E-06	83
279.269	25.952	12	40	52G8	0.002647496	3.11E-06	84
NA	NA	12	NA	52G8	851.7649892	0.999724166	85
1154.885	0	13	25	52G9	0.0016534	1.94E-06	1
534.839	0	13	20	52G9	0.001322377	1.55E-06	2
752.393	0	13	25	52G9	0.0016534	1.94E-06	3
1910.491	0	13	30	52G9	0.001984594	2.33E-06	4
1609.281	150.901	13	45	52G9	0.002979204	3.50E-06	5
879.982	60.45	13	40	52G9	0.002647496	3.11E-06	6
762.373	25.779	13	35	52G9	0.002315959	2.72E-06	7
663.511	22.15	13	35	52G9	0.002315959	2.72E-06	8
818.102	14.365	13	35	52G9	0.002315959	2.72E-06	9
998.926	3.016	13	35	52G9	0.002315959	2.72E-06	10
821.062	0	13	30	52G9	0.001984594	2.33E-06	11
904.674	38.782	13	35	52G9	0.002315959	2.72E-06	12
756.763	80.772	13	35	52G9	0.002315959	2.72E-06	13
667.545	82.04	13	40	52G9	0.002647496	3.11E-06	14
456.628	81.803	13	40	52G9	0.002647496	3.11E-06	15
356.075	66.314	13	40	52G9	0.002647496	3.11E-06	16
581.992	72.178	13	40	52G9	0.002647496	3.11E-06	17
421.431	54.187	13	40	52G9	0.002647496	3.11E-06	18
433.736	31.752	13	35	52G9	0.002315959	2.72E-06	19
511.882	17.886	13	35	52G9	0.002315959	2.72E-06	20
797.328	29.367	13	40	52G9	0.002647496	3.11E-06	21
681.303	15.771	13	50	52G9	0.003311083	3.89E-06	22
655.712	15.203	13	55	52G9	0.003643134	4.28E-06	23
550.805	9.726	13	55	52G9	0.003643134	4.28E-06	24
475.243	3.977	13	50	52G9	0.003311083	3.89E-06	25
532.494	4.237	13	50	52G9	0.003311083	3.89E-06	26
755.343	9.175	13	45	52G9	0.002979204	3.50E-06	27
687.794	7.59	13	45	52G9	0.002979204	3.50E-06	28
653.221	5.401	13	45	52G9	0.002979204	3.50E-06	29
347.015	13.022	13	45	52G9	0.002979204	3.50E-06	30
469.54	6.939	13	45	52G9	0.002979204	3.50E-06	31
584.585	7.632	13	45	52G9	0.002979204	3.50E-06	32
394.929	5.188	13	40	52G9	0.002647496	3.11E-06	33
760.511	5.758	13	45	52G9	0.002979204	3.50E-06	34
562.335	3.023	13	45	52G9	0.002979204	3.50E-06	35
440.648	4.433	13	45	52G9	0.002979204	3.50E-06	36
338.291	1.423	13	45	52G9	0.002979204	3.50E-06	37
202.067	152.476	13	50	52G9	0.003311083	3.89E-06	38
92.423	109.931	13	55	52G9	0.003643134	4.28E-06	39
130.903	127.732	13	50	52G9	0.003311083	3.89E-06	40
205.39	165.228	13	55	52G9	0.003643134	4.28E-06	41
293.022	168.276	13	55	52G9	0.003643134	4.28E-06	42
91.556	123.278	13	50	52G9	0.003311083	3.89E-06	43
204.937	533.184	13	50	52G9	0.003311083	3.89E-06	44
284.089	137.197	13	45	52G9	0.002979204	3.50E-06	45
203.973	91.491	13	45	52G9	0.002979204	3.50E-06	46
33.21	83.681	13	45	52G9	0.002979204	3.50E-06	47
49.247	105.095	13	45	52G9	0.002979204	3.50E-06	48
78.547	84.857	13	45	52G9	0.002979204	3.50E-06	49
101.402	147.205	13	45	52G9	0.002979204	3.50E-06	50
86.856	95.312	13	45	52G9	0.002979204	3.50E-06	51
546.647	102.42	13	45	52G9	0.002979204	3.50E-06	52
84.846	77.959	13	50	52G9	0.003311083	3.89E-06	53
346.714	78.764	13	50	52G9	0.003311083	3.89E-06	54
36.602	61.629	13	55	52G9	0.003643134	4.28E-06	55
89.968	77.659	13	50	52G9	0.003311083	3.89E-06	56
325.393	74.004	13	50	52G9	0.003311083	3.89E-06	57
101.783	96.61	13	50	52G9	0.003311083	3.89E-06	58
26.798	46.98	13	50	52G9	0.003311083	3.89E-06	59
48.746	81.523	13	50	52G9	0.003311083	3.89E-06	60
22.913	100.459	13	55	52G9	0.003643134	4.28E-06	61
113.08	103.947	13	50	52G9	0.003311083	3.89E-06	62
125.598	80.777	13	50	52G9	0.003311083	3.89E-06	63
71.217	34.025	13	55	52G9	0.003643134	4.28E-06	64
29.322	61.096	13	55	52G9	0.003643134	4.28E-06	65
18.424	47.596	13	55	52G9	0.003643134	4.28E-06	66
317.444	83.046	13	60	52G9	0.003975356	4.67E-06	67
124.601	96.338	13	60	52G9	0.003975356	4.67E-06	68
84.706	87.219	13	65	52G9	0.004307749	5.06E-06	69
27.31	83.123	13	70	52G9	0.004640313	5.45E-06	70
129.48	119.431	13	70	52G9	0.004640313	5.45E-06	71
NA	NA	13	NA	52G9	851.7841414	0.999746645	72
33.632	73.228	14	70	52H0	0.004640313	5.45E-06	1
29.949	79.586	14	70	52H0	0.004640313	5.45E-06	2
16.353	100.989	14	70	52H0	0.004640313	5.45E-06	3
15.908	245.002	14	65	52H0	0.004307749	5.06E-06	4
12.649	71.292	14	70	52H0	0.004640313	5.45E-06	5
28.334	65.869	14	70	52H0	0.004640313	5.45E-06	6
70.049	154.839	14	70	52H0	0.004640313	5.45E-06	7
150.093	130.901	14	65	52H0	0.004307749	5.06E-06	8
152.239	108.127	14	65	52H0	0.004307749	5.06E-06	9
64.261	42.596	14	70	52H0	0.004640313	5.45E-06	10
81.329	22.519	14	50	52H0	0.003311083	3.89E-06	11
71.243	15.591	14	50	52H0	0.003311083	3.89E-06	12
74.714	15.657	14	50	52H0	0.003311083	3.89E-06	13
88.101	9.432	14	40	52H0	0.002647496	3.11E-06	14
98.982	5.09	14	40	52H0	0.002647496	3.11E-06	15
0	1.357	14	95	52H0	0.006305706	7.40E-06	16
0	1.372	14	95	52H0	0.006305706	7.40E-06	17
148.449	6.199	14	65	52H0	0.004307749	5.06E-06	18
210.981	12.698	14	75	52H0	0.004973049	5.84E-06	19
181.008	5.895	14	65	52H0	0.004307749	5.06E-06	20
142.476	5.482	14	45	52H0	0.002979204	3.50E-06	21
229.424	10.706	14	60	52H0	0.003975356	4.67E-06	22
309.622	15.259	14	60	52H0	0.003975356	4.67E-06	23
252.902	12.023	14	60	52H0	0.003975356	4.67E-06	24
279.277	12.195	14	55	52H0	0.003643134	4.28E-06	25
304.952	15.627	14	55	52H0	0.003643134	4.28E-06	26
542.646	29.13	14	60	52H0	0.003975356	4.67E-06	27
373.222	23.927	14	50	52H0	0.003311083	3.89E-06	28
390.353	20.903	14	60	52H0	0.003975356	4.67E-06	29
326.631	25.376	14	55	52H0	0.003643134	4.28E-06	30
398.366	50.959	14	50	52H0	0.003311083	3.89E-06	31
336.799	62.28	14	45	52H0	0.002979204	3.50E-06	32
389.64	69.742	14	45	52H0	0.002979204	3.50E-06	33
443.313	91.888	14	45	52H0	0.002979204	3.50E-06	34
530.888	165.431	14	40	52H0	0.002647496	3.11E-06	35
583.112	139.121	14	40	52H0	0.002647496	3.11E-06	36
699.623	127.173	14	40	52H0	0.002647496	3.11E-06	37
632.558	115.995	14	40	52H0	0.002647496	3.11E-06	38
622.143	65.015	14	40	52H0	0.002647496	3.11E-06	39
731.799	66.603	14	35	52H0	0.002315959	2.72E-06	40
758.242	79.232	14	35	52H0	0.002315959	2.72E-06	41
717.256	99.875	14	35	52H0	0.002315959	2.72E-06	42
816.006	166.957	14	45	52H0	0.002979204	3.50E-06	43
1027.69	28.007	14	35	52H0	0.002315959	2.72E-06	44
950.144	74.63	14	40	52H0	0.002647496	3.11E-06	45
792.789	119.004	14	45	52H0	0.002979204	3.50E-06	46
650.74	68.639	14	45	52H0	0.002979204	3.50E-06	47
600.473	61.439	14	45	52H0	0.002979204	3.50E-06	48
686.262	48.885	14	45	52H0	0.002979204	3.50E-06	49
623.669	47.808	14	45	52H0	0.002979204	3.50E-06	50
812.279	78.334	14	50	52H0	0.003311083	3.89E-06	51
647.426	50.614	14	45	52H0	0.002979204	3.50E-06	52
775.361	15.397	14	45	52H0	0.002979204	3.50E-06	53
580.82	12.384	14	45	52H0	0.002979204	3.50E-06	54
575.495	19.188	14	50	52H0	0.003311083	3.89E-06	55
701.157	13.775	14	50	52H0	0.003311083	3.89E-06	56
721.752	15.465	14	50	52H0	0.003311083	3.89E-06	57
702.192	14.776	14	50	52H0	0.003311083	3.89E-06	58
731.65	16.855	14	50	52H0	0.003311083	3.89E-06	59
781.642	19.094	14	50	52H0	0.003311083	3.89E-06	60
926.19	12.799	14	50	52H0	0.003311083	3.89E-06	61
1372.922	19.85	14	50	52H0	0.003311083	3.89E-06	62
201.21	51.769	14	65	52H0	0.004307749	5.06E-06	63
104.583	49.597	14	65	52H0	0.004307749	5.06E-06	64
53.968	62.781	14	65	52H0	0.004307749	5.06E-06	65
99.849	79.058	14	65	52H0	0.004307749	5.06E-06	66
39.156	85.347	14	65	52H0	0.004307749	5.06E-06	67
96.227	68.77	14	65	52H0	0.004307749	5.06E-06	68
52.255	102.345	14	65	52H0	0.004307749	5.06E-06	69
300.045	76.968	14	60	52H0	0.003975356	4.67E-06	70
68.257	58.911	14	60	52H0	0.003975356	4.67E-06	71
129.047	88.306	14	65	52H0	0.004307749	5.06E-06	72
258.769	74.354	14	65	52H0	0.004307749	5.06E-06	73
64.421	106.104	14	65	52H0	0.004307749	5.06E-06	74
110.592	122.128	14	65	52H0	0.004307749	5.06E-06	75
111.251	119.213	14	65	52H0	0.004307749	5.06E-06	76
52.251	137.073	14	65	52H0	0.004307749	5.06E-06	77
41.749	145.734	14	70	52H0	0.004640313	5.45E-06	78
40.697	101.705	14	70	52H0	0.004640313	5.45E-06	79
142.032	103.834	14	70	52H0	0.004640313	5.45E-06	80
24.477	140.495	14	70	52H0	0.004640313	5.45E-06	81
36.379	103.417	14	70	52H0	0.004640313	5.45E-06	82
104.138	116.08	14	70	52H0	0.004640313	5.45E-06	83
689.183	115.158	14	70	52H0	0.004640313	5.45E-06	84
NA	NA	14	NA	52H0	851.6856262	0.999631017	85
NA	NA	15	NA	52H1	263.89998	0.999999924	1
NA	NA	15	NA	52H1	1.00E-05	3.79E-08	2
NA	NA	15	NA	52H1	1.00E-05	3.79E-08	3
266.827	4.774	16	55	53G7	0.003643134	1.03E-05	1
337.621	3.523	16	50	53G7	0.003311083	9.34E-06	2
327.761	1.143	16	40	53G7	0.002647496	7.47E-06	3
242.249	3.9	16	55	53G7	0.003643134	1.03E-05	4
379.299	5.121	16	50	53G7	0.003311083	9.34E-06	5
379.728	2.954	16	45	53G7	0.002979204	8.40E-06	6
401.584	2.699	16	45	53G7	0.002979204	8.40E-06	7
538.356	5.63	16	45	53G7	0.002979204	8.40E-06	8
750.387	5.466	16	45	53G7	0.002979204	8.40E-06	9
589.873	2.608	16	45	53G7	0.002979204	8.40E-06	10
1003.758	5.9	16	50	53G7	0.003311083	9.34E-06	11
744.835	9.471	16	50	53G7	0.003311083	9.34E-06	12
695.254	4.337	16	50	53G7	0.003311083	9.34E-06	13
496.354	1.771	16	55	53G7	0.003643134	1.03E-05	14
477.679	4.603	16	55	53G7	0.003643134	1.03E-05	15
451.208	15.182	16	45	53G7	0.002979204	8.40E-06	16
603.651	14.614	16	40	53G7	0.002647496	7.47E-06	17
763.749	14.231	16	40	53G7	0.002647496	7.47E-06	18
740.498	12.388	16	40	53G7	0.002647496	7.47E-06	19
646.84	13.768	16	40	53G7	0.002647496	7.47E-06	20
608.033	9.713	16	45	53G7	0.002979204	8.40E-06	21
850.823	7.335	16	40	53G7	0.002647496	7.47E-06	22
551.656	16.826	16	45	53G7	0.002979204	8.40E-06	23
995.935	13.817	16	40	53G7	0.002647496	7.47E-06	24
897.499	11.176	16	45	53G7	0.002979204	8.40E-06	25
648.696	12.994	16	50	53G7	0.003311083	9.34E-06	26
752.986	6.381	16	50	53G7	0.003311083	9.34E-06	27
691.015	10.791	16	45	53G7	0.002979204	8.40E-06	28
625.156	3.302	16	45	53G7	0.002979204	8.40E-06	29
784.792	12.14	16	40	53G7	0.002647496	7.47E-06	30
861.478	16.743	16	45	53G7	0.002979204	8.40E-06	31
NA	NA	16	NA	53G7	354.4053195	0.999732918	32
266.333	0	17	30	53G8	0.001984594	2.37E-06	1
350.091	0	17	30	53G8	0.001984594	2.37E-06	2
277.842	4.299	17	35	53G8	0.002315959	2.76E-06	3
441.893	2.258	17	35	53G8	0.002315959	2.76E-06	4
490.674	7.416	17	35	53G8	0.002315959	2.76E-06	5
1160.169	0	17	30	53G8	0.001984594	2.37E-06	6
2296.64	0	17	30	53G8	0.001984594	2.37E-06	7
2488.52	0	17	30	53G8	0.001984594	2.37E-06	8
1318.115	9.87	17	35	53G8	0.002315959	2.76E-06	9
1158.925	77.029	17	40	53G8	0.002647496	3.16E-06	10
1049.594	24.83	17	45	53G8	0.002979204	3.55E-06	11
821.836	9.195	17	50	53G8	0.003311083	3.95E-06	12
597.226	2.556	17	50	53G8	0.003311083	3.95E-06	13
513.586	1.632	17	50	53G8	0.003311083	3.95E-06	14
412.778	8.736	17	55	53G8	0.003643134	4.35E-06	15
667.246	4.699	17	50	53G8	0.003311083	3.95E-06	16
733.659	5.462	17	50	53G8	0.003311083	3.95E-06	17
466.239	6.078	17	50	53G8	0.003311083	3.95E-06	18
478.088	5.062	17	50	53G8	0.003311083	3.95E-06	19
526.732	7.74	17	50	53G8	0.003311083	3.95E-06	20
530.621	12.592	17	45	53G8	0.002979204	3.55E-06	21
512.376	12.411	17	45	53G8	0.002979204	3.55E-06	22
805.8	16	17	40	53G8	0.002647496	3.16E-06	23
726.613	7.477	17	40	53G8	0.002647496	3.16E-06	24
798.072	7.553	17	40	53G8	0.002647496	3.16E-06	25
941.172	9.596	17	45	53G8	0.002979204	3.55E-06	26
421.41	6.194	17	45	53G8	0.002979204	3.55E-06	27
546.438	6.153	17	50	53G8	0.003311083	3.95E-06	28
531.068	11.258	17	50	53G8	0.003311083	3.95E-06	29
507.635	9.87	17	50	53G8	0.003311083	3.95E-06	30
688.569	13.174	17	50	53G8	0.003311083	3.95E-06	31
1147.152	22.345	17	50	53G8	0.003311083	3.95E-06	32
1139.448	25.689	17	55	53G8	0.003643134	4.35E-06	33
1047	15.948	17	55	53G8	0.003643134	4.35E-06	34
820.077	10.834	17	55	53G8	0.003643134	4.35E-06	35
659.547	9.675	17	55	53G8	0.003643134	4.35E-06	36
836.784	11.219	17	60	53G8	0.003975356	4.74E-06	37
554.819	9.334	17	55	53G8	0.003643134	4.35E-06	38
554.785	12.757	17	60	53G8	0.003975356	4.74E-06	39
565.083	11.407	17	60	53G8	0.003975356	4.74E-06	40
568.322	11.352	17	60	53G8	0.003975356	4.74E-06	41
752.107	10.924	17	60	53G8	0.003975356	4.74E-06	42
792.605	14.672	17	55	53G8	0.003643134	4.35E-06	43
273.547	252.841	17	50	53G8	0.003311083	3.95E-06	44
186.163	275.077	17	50	53G8	0.003311083	3.95E-06	45
396.434	243.235	17	50	53G8	0.003311083	3.95E-06	46
568.725	386.872	17	50	53G8	0.003311083	3.95E-06	47
55.662	178.905	17	50	53G8	0.003311083	3.95E-06	48
94.337	184.854	17	50	53G8	0.003311083	3.95E-06	49
28.897	274.254	17	50	53G8	0.003311083	3.95E-06	50
6.391	161.485	17	55	53G8	0.003643134	4.35E-06	51
235.115	233.986	17	55	53G8	0.003643134	4.35E-06	52
90.415	193.321	17	50	53G8	0.003311083	3.95E-06	53
100.781	391.137	17	50	53G8	0.003311083	3.95E-06	54
92.313	185.869	17	55	53G8	0.003643134	4.35E-06	55
213.188	186.422	17	55	53G8	0.003643134	4.35E-06	56
168.003	191.168	17	55	53G8	0.003643134	4.35E-06	57
459.085	124.697	17	55	53G8	0.003643134	4.35E-06	58
234.176	50.937	17	55	53G8	0.003643134	4.35E-06	59
265.672	30.174	17	55	53G8	0.003643134	4.35E-06	60
359.889	26.91	17	55	53G8	0.003643134	4.35E-06	61
327.055	9.213	17	50	53G8	0.003311083	3.95E-06	62
275.273	12.068	17	50	53G8	0.003311083	3.95E-06	63
311.385	9.086	17	50	53G8	0.003311083	3.95E-06	64
487.107	6.287	17	50	53G8	0.003311083	3.95E-06	65
283.44	6.65	17	50	53G8	0.003311083	3.95E-06	66
308.614	1.464	17	45	53G8	0.002979204	3.55E-06	67
386.7	5.527	17	50	53G8	0.003311083	3.95E-06	68
643.067	3.875	17	50	53G8	0.003311083	3.95E-06	69
462.083	15.872	17	50	53G8	0.003311083	3.95E-06	70
429.314	6.862	17	40	53G8	0.002647496	3.16E-06	71
571.915	7.976	17	45	53G8	0.002979204	3.55E-06	72
507.374	12.214	17	45	53G8	0.002979204	3.55E-06	73
639.396	9.92	17	45	53G8	0.002979204	3.55E-06	74
508.138	21.141	17	45	53G8	0.002979204	3.55E-06	75
33.112	212.763	17	45	53G8	0.002979204	3.55E-06	76
9.488	103.48	17	40	53G8	0.002647496	3.16E-06	77
20.033	86.543	17	45	53G8	0.002979204	3.55E-06	78
65.26	28.339	17	40	53G8	0.002647496	3.16E-06	79
35.107	95.003	17	45	53G8	0.002979204	3.55E-06	80
39.692	113.454	17	45	53G8	0.002979204	3.55E-06	81
124.902	304.603	17	45	53G8	0.002979204	3.55E-06	82
8.997	184.094	17	45	53G8	0.002979204	3.55E-06	83
37.053	205.245	17	50	53G8	0.003311083	3.95E-06	84
93.636	242	17	50	53G8	0.003311083	3.95E-06	85
183.597	308.841	17	50	53G8	0.003311083	3.95E-06	86
27.398	300.767	17	50	53G8	0.003311083	3.95E-06	87
29.634	313.901	17	50	53G8	0.003311083	3.95E-06	88
84.526	381.485	17	50	53G8	0.003311083	3.95E-06	89
19.096	214.114	17	50	53G8	0.003311083	3.95E-06	90
208.378	191.526	17	50	53G8	0.003311083	3.95E-06	91
39.074	212.856	17	50	53G8	0.003311083	3.95E-06	92
50.055	213.711	17	50	53G8	0.003311083	3.95E-06	93
111.603	234.896	17	50	53G8	0.003311083	3.95E-06	94
10.034	269.599	17	50	53G8	0.003311083	3.95E-06	95
105.93	366.536	17	50	53G8	0.003311083	3.95E-06	96
NA	NA	17	NA	53G8	837.79407	0.999634972	97
1022.723	21.219	18	55	53G9	0.003643134	4.35E-06	1
869.139	19.23	18	55	53G9	0.003643134	4.35E-06	2
841.532	10.21	18	55	53G9	0.003643134	4.35E-06	3
660.831	10.153	18	55	53G9	0.003643134	4.35E-06	4
651.974	14.991	18	60	53G9	0.003975356	4.74E-06	5
714.399	18.565	18	65	53G9	0.004307749	5.14E-06	6
656.018	16.371	18	65	53G9	0.004307749	5.14E-06	7
581.075	17.54	18	60	53G9	0.003975356	4.74E-06	8
563.139	26.66	18	55	53G9	0.003643134	4.35E-06	9
395.626	18.984	18	65	53G9	0.004307749	5.14E-06	10
482.017	41.013	18	65	53G9	0.004307749	5.14E-06	11
569.25	30.157	18	60	53G9	0.003975356	4.74E-06	12
517.608	34.753	18	55	53G9	0.003643134	4.35E-06	13
454.545	26.254	18	55	53G9	0.003643134	4.35E-06	14
487.294	24.846	18	65	53G9	0.004307749	5.14E-06	15
611.143	27.415	18	70	53G9	0.004640313	5.54E-06	16
644.528	25.05	18	70	53G9	0.004640313	5.54E-06	17
668.008	20.255	18	65	53G9	0.004307749	5.14E-06	18
584.454	17.994	18	65	53G9	0.004307749	5.14E-06	19
520.935	24.584	18	65	53G9	0.004307749	5.14E-06	20
465.993	32.553	18	60	53G9	0.003975356	4.74E-06	21
546.788	24.953	18	70	53G9	0.004640313	5.54E-06	22
704.043	21.466	18	75	53G9	0.004973049	5.93E-06	23
705.037	27.145	18	70	53G9	0.004640313	5.54E-06	24
523.831	30.389	18	75	53G9	0.004973049	5.93E-06	25
536.539	25.88	18	75	53G9	0.004973049	5.93E-06	26
495.274	27.555	18	70	53G9	0.004640313	5.54E-06	27
121.296	267.29	18	75	53G9	0.004973049	5.93E-06	28
347.038	190.099	18	70	53G9	0.004640313	5.54E-06	29
213.207	192.44	18	75	53G9	0.004973049	5.93E-06	30
253.901	518.222	18	65	53G9	0.004307749	5.14E-06	31
742.945	240.652	18	65	53G9	0.004307749	5.14E-06	32
229.968	194.081	18	70	53G9	0.004640313	5.54E-06	33
55.457	166.326	18	65	53G9	0.004307749	5.14E-06	34
303.439	385.631	18	65	53G9	0.004307749	5.14E-06	35
385.05	255.481	18	70	53G9	0.004640313	5.54E-06	36
181.873	226.208	18	65	53G9	0.004307749	5.14E-06	37
183.264	189.935	18	60	53G9	0.003975356	4.74E-06	38
269.777	313.066	18	65	53G9	0.004307749	5.14E-06	39
163.317	265.983	18	65	53G9	0.004307749	5.14E-06	40
184.903	427.66	18	60	53G9	0.003975356	4.74E-06	41
273.353	408.927	18	55	53G9	0.003643134	4.35E-06	42
187.365	426.749	18	55	53G9	0.003643134	4.35E-06	43
97.449	290.536	18	50	53G9	0.003311083	3.95E-06	44
94.077	403.013	18	45	53G9	0.002979204	3.55E-06	45
32.524	91.162	18	40	53G9	0.002647496	3.16E-06	46
52.254	172.923	18	40	53G9	0.002647496	3.16E-06	47
23.688	63.705	18	40	53G9	0.002647496	3.16E-06	48
102.599	42.384	18	35	53G9	0.002315959	2.76E-06	49
37.067	11.437	18	40	53G9	0.002647496	3.16E-06	50
48.173	120.737	18	40	53G9	0.002647496	3.16E-06	51
57.947	204.585	18	45	53G9	0.002979204	3.55E-06	52
32.74	243.537	18	45	53G9	0.002979204	3.55E-06	53
24.317	247.8	18	45	53G9	0.002979204	3.55E-06	54
22.87	258.385	18	45	53G9	0.002979204	3.55E-06	55
25.23	601.845	18	50	53G9	0.003311083	3.95E-06	56
42.685	318.888	18	45	53G9	0.002979204	3.55E-06	57
227.88	313.822	18	45	53G9	0.002979204	3.55E-06	58
201.832	222.05	18	50	53G9	0.003311083	3.95E-06	59
472.829	72.284	18	40	53G9	0.002647496	3.16E-06	60
313.314	76.495	18	40	53G9	0.002647496	3.16E-06	61
258.842	64.6	18	40	53G9	0.002647496	3.16E-06	62
292.667	96.18	18	40	53G9	0.002647496	3.16E-06	63
142.464	64.377	18	40	53G9	0.002647496	3.16E-06	64
184.561	108.899	18	40	53G9	0.002647496	3.16E-06	65
94.19	125.453	18	45	53G9	0.002979204	3.55E-06	66
139.642	73.777	18	45	53G9	0.002979204	3.55E-06	67
70.46	48.326	18	45	53G9	0.002979204	3.55E-06	68
103.076	110.615	18	45	53G9	0.002979204	3.55E-06	69
125.732	146.505	18	45	53G9	0.002979204	3.55E-06	70
131.249	144.51	18	50	53G9	0.003311083	3.95E-06	71
79.315	240.905	18	50	53G9	0.003311083	3.95E-06	72
34.987	182.123	18	50	53G9	0.003311083	3.95E-06	73
164.329	228.363	18	50	53G9	0.003311083	3.95E-06	74
580.091	225.087	18	50	53G9	0.003311083	3.95E-06	75
NA	NA	18	NA	53G9	837.8230782	0.999669584	76
484.158	41.871	19	65	53H0	0.004307749	5.14E-06	1
583.322	28.562	19	65	53H0	0.004307749	5.14E-06	2
476.393	34.084	19	70	53H0	0.004640313	5.54E-06	3
476.938	41.286	19	65	53H0	0.004307749	5.14E-06	4
527.919	37.206	19	70	53H0	0.004640313	5.54E-06	5
395.494	55.42	19	65	53H0	0.004307749	5.14E-06	6
436.008	50.741	19	65	53H0	0.004307749	5.14E-06	7
281.245	53.701	19	65	53H0	0.004307749	5.14E-06	8
247.862	68.661	19	60	53H0	0.003975356	4.74E-06	9
205.127	82.7	19	55	53H0	0.003643134	4.35E-06	10
189.266	95.069	19	60	53H0	0.003975356	4.74E-06	11
213.597	77.619	19	55	53H0	0.003643134	4.35E-06	12
263.276	91.892	19	50	53H0	0.003311083	3.95E-06	13
351.434	116.351	19	50	53H0	0.003311083	3.95E-06	14
157.384	91.983	19	45	53H0	0.002979204	3.55E-06	15
173.615	72.268	19	40	53H0	0.002647496	3.16E-06	16
169.239	79.183	19	45	53H0	0.002979204	3.55E-06	17
227.961	91.586	19	45	53H0	0.002979204	3.55E-06	18
382.052	162.365	19	50	53H0	0.003311083	3.95E-06	19
457.313	196.725	19	50	53H0	0.003311083	3.95E-06	20
123.238	252.727	19	50	53H0	0.003311083	3.95E-06	21
112.173	219.497	19	50	53H0	0.003311083	3.95E-06	22
139.838	138.113	19	50	53H0	0.003311083	3.95E-06	23
195.991	253.708	19	45	53H0	0.002979204	3.55E-06	24
314.848	147.389	19	45	53H0	0.002979204	3.55E-06	25
230.436	172.572	19	45	53H0	0.002979204	3.55E-06	26
68.963	170.859	19	50	53H0	0.003311083	3.95E-06	27
52.915	165.955	19	45	53H0	0.002979204	3.55E-06	28
36.189	88.004	19	45	53H0	0.002979204	3.55E-06	29
351.053	108.582	19	45	53H0	0.002979204	3.55E-06	30
61.014	56.427	19	45	53H0	0.002979204	3.55E-06	31
144.468	40.462	19	40	53H0	0.002647496	3.16E-06	32
109.56	92.594	19	40	53H0	0.002647496	3.16E-06	33
273.06	107.749	19	40	53H0	0.002647496	3.16E-06	34
152.836	90.415	19	45	53H0	0.002979204	3.55E-06	35
186.655	110.019	19	45	53H0	0.002979204	3.55E-06	36
291.714	62.062	19	50	53H0	0.003311083	3.95E-06	37
217.52	76.562	19	45	53H0	0.002979204	3.55E-06	38
476.997	157.651	19	50	53H0	0.003311083	3.95E-06	39
292.753	111.736	19	55	53H0	0.003643134	4.35E-06	40
821.263	135.657	19	55	53H0	0.003643134	4.35E-06	41
323.934	114.614	19	55	53H0	0.003643134	4.35E-06	42
196.97	130.304	19	60	53H0	0.003975356	4.74E-06	43
34.816	118.042	19	60	53H0	0.003975356	4.74E-06	44
219.629	77.849	19	60	53H0	0.003975356	4.74E-06	45
111.177	237.06	19	60	53H0	0.003975356	4.74E-06	46
239.587	118.615	19	65	53H0	0.004307749	5.14E-06	47
64.159	120.191	19	65	53H0	0.004307749	5.14E-06	48
66.875	110.972	19	65	53H0	0.004307749	5.14E-06	49
140.453	105.697	19	65	53H0	0.004307749	5.14E-06	50
167.452	197.731	19	65	53H0	0.004307749	5.14E-06	51
781.636	161.409	19	75	53H0	0.004973049	5.93E-06	52
63.054	230.112	19	80	53H0	0.005305956	6.33E-06	53
122.077	484.452	19	65	53H0	0.004307749	5.14E-06	54
91.937	355.237	19	65	53H0	0.004307749	5.14E-06	55
649.354	327.768	19	70	53H0	0.004640313	5.54E-06	56
89.842	140.456	19	65	53H0	0.004307749	5.14E-06	57
8.433	503.298	19	65	53H0	0.004307749	5.14E-06	58
NA	NA	19	NA	53H0	837.8866856	0.999745479	59
NA	NA	20	NA	53H1	126.59998	0.999999842	1
NA	NA	20	NA	53H1	1.00E-05	7.90E-08	2
NA	NA	20	NA	53H1	1.00E-05	7.90E-08	3
NA	NA	21	NA	54G7	13.19998	0.999998485	1
NA	NA	21	NA	54G7	1.00E-05	7.58E-07	2
NA	NA	21	NA	54G7	1.00E-05	7.58E-07	3
560.719	13.661	22	55	54G8	0.003643134	5.67E-06	1
379.042	9.676	22	60	54G8	0.003975356	6.19E-06	2
172.042	5.755	22	60	54G8	0.003975356	6.19E-06	3
261.909	7.539	22	50	54G8	0.003311083	5.16E-06	4
358.279	13.382	22	55	54G8	0.003643134	5.67E-06	5
536.274	23.567	22	50	54G8	0.003311083	5.16E-06	6
902.658	11.765	22	55	54G8	0.003643134	5.67E-06	7
769.46	4.973	22	55	54G8	0.003643134	5.67E-06	8
623.212	11.241	22	75	54G8	0.004973049	7.74E-06	9
902.259	25.664	22	75	54G8	0.004973049	7.74E-06	10
512.579	11.425	22	60	54G8	0.003975356	6.19E-06	11
434.926	20.475	22	65	54G8	0.004307749	6.71E-06	12
305.867	22.597	22	60	54G8	0.003975356	6.19E-06	13
286.968	27.517	22	65	54G8	0.004307749	6.71E-06	14
277.899	40.77	22	65	54G8	0.004307749	6.71E-06	15
324.209	25.588	22	65	54G8	0.004307749	6.71E-06	16
386.819	31.075	22	75	54G8	0.004973049	7.74E-06	17
392.855	35.586	22	80	54G8	0.005305956	8.26E-06	18
324.005	33.058	22	80	54G8	0.005305956	8.26E-06	19
432.397	28.153	22	75	54G8	0.004973049	7.74E-06	20
557.376	49.582	22	70	54G8	0.004640313	7.23E-06	21
592.991	26.969	22	70	54G8	0.004640313	7.23E-06	22
607.946	40.36	22	60	54G8	0.003975356	6.19E-06	23
463.791	34.207	22	70	54G8	0.004640313	7.23E-06	24
385.921	63.016	22	70	54G8	0.004640313	7.23E-06	25
448.761	73.65	22	50	54G8	0.003311083	5.16E-06	26
352.486	65.877	22	50	54G8	0.003311083	5.16E-06	27
359.308	58.914	22	50	54G8	0.003311083	5.16E-06	28
350.509	61.962	22	70	54G8	0.004640313	7.23E-06	29
192.015	61.641	22	65	54G8	0.004307749	6.71E-06	30
687.701	82.851	22	65	54G8	0.004307749	6.71E-06	31
32.585	102.548	22	65	54G8	0.004307749	6.71E-06	32
8.152	125.818	22	70	54G8	0.004640313	7.23E-06	33
80.923	127.485	22	70	54G8	0.004640313	7.23E-06	34
610.763	223.329	22	80	54G8	0.005305956	8.26E-06	35
282.172	169.8	22	70	54G8	0.004640313	7.23E-06	36
308.586	261.305	22	70	54G8	0.004640313	7.23E-06	37
45.843	108.429	22	60	54G8	0.003975356	6.19E-06	38
388.402	98.247	22	60	54G8	0.003975356	6.19E-06	39
140.63	62.112	22	55	54G8	0.003643134	5.67E-06	40
95.039	99.309	22	55	54G8	0.003643134	5.67E-06	41
107.882	60.92	22	55	54G8	0.003643134	5.67E-06	42
319.856	48.699	22	45	54G8	0.002979204	4.64E-06	43
671.063	39.732	22	45	54G8	0.002979204	4.64E-06	44
379.306	18.859	22	35	54G8	0.002315959	3.61E-06	45
447.021	0	22	30	54G8	0.001984594	3.09E-06	46
394.133	0	22	30	54G8	0.001984594	3.09E-06	47
NA	NA	22	NA	54G8	642.0101445	0.999704367	48
912.289	17.687	23	60	54G9	0.003975356	4.82E-06	1
692.658	17.195	23	95	54G9	0.006305706	7.65E-06	2
768.677	12.536	23	55	54G9	0.003643134	4.42E-06	3
642.027	16.418	23	55	54G9	0.003643134	4.42E-06	4
493.077	17.914	23	55	54G9	0.003643134	4.42E-06	5
424.747	26.234	23	65	54G9	0.004307749	5.23E-06	6
499.112	30.949	23	65	54G9	0.004307749	5.23E-06	7
406.892	11.049	23	55	54G9	0.003643134	4.42E-06	8
748.751	6.42	23	55	54G9	0.003643134	4.42E-06	9
924.606	15.343	23	60	54G9	0.003975356	4.82E-06	10
701.32	18.715	23	60	54G9	0.003975356	4.82E-06	11
635.513	21.536	23	60	54G9	0.003975356	4.82E-06	12
745.812	18.356	23	55	54G9	0.003643134	4.42E-06	13
700.394	16.14	23	60	54G9	0.003975356	4.82E-06	14
626.562	13.579	23	55	54G9	0.003643134	4.42E-06	15
705.61	13.726	23	65	54G9	0.004307749	5.23E-06	16
577.334	10.715	23	50	54G9	0.003311083	4.02E-06	17
782.994	4.769	23	55	54G9	0.003643134	4.42E-06	18
662.105	7.037	23	55	54G9	0.003643134	4.42E-06	19
588.017	9.558	23	55	54G9	0.003643134	4.42E-06	20
538.155	5.946	23	55	54G9	0.003643134	4.42E-06	21
513.064	6.625	23	55	54G9	0.003643134	4.42E-06	22
541.229	5.783	23	55	54G9	0.003643134	4.42E-06	23
596.663	5.478	23	60	54G9	0.003975356	4.82E-06	24
493.457	3.42	23	45	54G9	0.002979204	3.61E-06	25
694.79	7.092	23	55	54G9	0.003643134	4.42E-06	26
613.062	0.784	23	50	54G9	0.003311083	4.02E-06	27
629.908	3.608	23	45	54G9	0.002979204	3.61E-06	28
605.708	5.59	23	60	54G9	0.003975356	4.82E-06	29
632.917	10.353	23	70	54G9	0.004640313	5.63E-06	30
419.853	10.435	23	65	54G9	0.004307749	5.23E-06	31
531.924	15.422	23	60	54G9	0.003975356	4.82E-06	32
412.85	11.469	23	60	54G9	0.003975356	4.82E-06	33
386.297	14.147	23	65	54G9	0.004307749	5.23E-06	34
316.316	17.491	23	60	54G9	0.003975356	4.82E-06	35
423.448	11.729	23	65	54G9	0.004307749	5.23E-06	36
523.529	15.469	23	60	54G9	0.003975356	4.82E-06	37
550.749	21.933	23	60	54G9	0.003975356	4.82E-06	38
527.234	26.241	23	60	54G9	0.003975356	4.82E-06	39
517.05	17.375	23	60	54G9	0.003975356	4.82E-06	40
440.116	19.597	23	60	54G9	0.003975356	4.82E-06	41
465.724	8.785	23	60	54G9	0.003975356	4.82E-06	42
533.389	20.002	23	65	54G9	0.004307749	5.23E-06	43
557.437	15.023	23	60	54G9	0.003975356	4.82E-06	44
479.69	31.146	23	65	54G9	0.004307749	5.23E-06	45
621.462	15.933	23	60	54G9	0.003975356	4.82E-06	46
407.143	18.563	23	60	54G9	0.003975356	4.82E-06	47
546.662	31.61	23	60	54G9	0.003975356	4.82E-06	48
515.451	20.269	23	55	54G9	0.003643134	4.42E-06	49
693.406	48.817	23	55	54G9	0.003643134	4.42E-06	50
596.976	52.69	23	55	54G9	0.003643134	4.42E-06	51
753.53	47.64	23	55	54G9	0.003643134	4.42E-06	52
444.907	54.855	23	55	54G9	0.003643134	4.42E-06	53
352.187	50.692	23	55	54G9	0.003643134	4.42E-06	54
382.958	38.093	23	55	54G9	0.003643134	4.42E-06	55
66.158	86.754	23	60	54G9	0.003975356	4.82E-06	56
423.42	77.79	23	60	54G9	0.003975356	4.82E-06	57
367.158	103.746	23	60	54G9	0.003975356	4.82E-06	58
100.299	238.217	23	65	54G9	0.004307749	5.23E-06	59
54.19	112.018	23	65	54G9	0.004307749	5.23E-06	60
514.716	137.7	23	65	54G9	0.004307749	5.23E-06	61
228.156	282.131	23	65	54G9	0.004307749	5.23E-06	62
303.607	258.191	23	60	54G9	0.003975356	4.82E-06	63
705.607	274.045	23	65	54G9	0.004307749	5.23E-06	64
59.336	431.225	23	75	54G9	0.004973049	6.03E-06	65
161.336	610.844	23	70	54G9	0.004640313	5.63E-06	66
434.353	193.582	23	65	54G9	0.004307749	5.23E-06	67
104.916	205.998	23	75	54G9	0.004973049	6.03E-06	68
21.284	104.753	23	70	54G9	0.004640313	5.63E-06	69
18.542	250.741	23	70	54G9	0.004640313	5.63E-06	70
42.593	123.848	23	80	54G9	0.005305956	6.44E-06	71
241.569	69.072	23	65	54G9	0.004307749	5.23E-06	72
975.507	149.293	23	80	54G9	0.005305956	6.44E-06	73
212.348	126.591	23	70	54G9	0.004640313	5.63E-06	74
159.655	141.657	23	70	54G9	0.004640313	5.63E-06	75
24.343	127.872	23	70	54G9	0.004640313	5.63E-06	76
10.432	149.104	23	65	54G9	0.004307749	5.23E-06	77
20.755	179.173	23	65	54G9	0.004307749	5.23E-06	78
19.795	159.606	23	60	54G9	0.003975356	4.82E-06	79
84.37	165.772	23	60	54G9	0.003975356	4.82E-06	80
9.226	143.729	23	70	54G9	0.004640313	5.63E-06	81
42.91	123.332	23	70	54G9	0.004640313	5.63E-06	82
244.401	161.339	23	80	54G9	0.005305956	6.44E-06	83
344.452	82.378	23	70	54G9	0.004640313	5.63E-06	84
NA	NA	23	NA	54G9	823.8557498	0.999582322	85
530.192	36.394	24	55	54H0	0.003643134	5.00E-06	1
665.481	56.607	24	55	54H0	0.003643134	5.00E-06	2
522.624	72.675	24	50	54H0	0.003311083	4.55E-06	3
475.964	99.938	24	50	54H0	0.003311083	4.55E-06	4
463.737	62.253	24	40	54H0	0.002647496	3.64E-06	5
414.491	87.568	24	45	54H0	0.002979204	4.09E-06	6
383.369	104.219	24	45	54H0	0.002979204	4.09E-06	7
470.721	292.426	24	45	54H0	0.002979204	4.09E-06	8
363.116	262.429	24	45	54H0	0.002979204	4.09E-06	9
425.26	116.534	24	40	54H0	0.002647496	3.64E-06	10
409.577	87.194	24	40	54H0	0.002647496	3.64E-06	11
438.743	83.183	24	40	54H0	0.002647496	3.64E-06	12
619.694	54.481	24	35	54H0	0.002315959	3.18E-06	13
548.141	40.39	24	35	54H0	0.002315959	3.18E-06	14
670.825	19.446	24	35	54H0	0.002315959	3.18E-06	15
2363.089	1.913	24	35	54H0	0.002315959	3.18E-06	16
2910.999	0	24	25	54H0	0.0016534	2.27E-06	17
2658.989	0	24	30	54H0	0.001984594	2.73E-06	18
1536.029	15.617	24	35	54H0	0.002315959	3.18E-06	19
1412.254	35.82	24	40	54H0	0.002647496	3.64E-06	20
1786.013	35.635	24	40	54H0	0.002647496	3.64E-06	21
1520.28	0	24	25	54H0	0.0016534	2.27E-06	22
810.133	0	24	30	54H0	0.001984594	2.73E-06	23
805.018	0	24	30	54H0	0.001984594	2.73E-06	24
1101.563	0	24	30	54H0	0.001984594	2.73E-06	25
786.523	0	24	30	54H0	0.001984594	2.73E-06	26
890.534	2.883	24	35	54H0	0.002315959	3.18E-06	27
515.739	18.146	24	35	54H0	0.002315959	3.18E-06	28
397.019	30.234	24	35	54H0	0.002315959	3.18E-06	29
242.519	73.192	24	40	54H0	0.002647496	3.64E-06	30
121.217	23.103	24	35	54H0	0.002315959	3.18E-06	31
111.679	107.641	24	35	54H0	0.002315959	3.18E-06	32
131.719	302.84	24	50	54H0	0.003311083	4.55E-06	33
40.791	137.016	24	45	54H0	0.002979204	4.09E-06	34
94.462	100.065	24	40	54H0	0.002647496	3.64E-06	35
219.56	153.343	24	45	54H0	0.002979204	4.09E-06	36
59.737	252.77	24	50	54H0	0.003311083	4.55E-06	37
114.745	240.661	24	55	54H0	0.003643134	5.00E-06	38
199.455	197.928	24	55	54H0	0.003643134	5.00E-06	39
39.416	363.549	24	60	54H0	0.003975356	5.46E-06	40
77.985	611.137	24	55	54H0	0.003643134	5.00E-06	41
494.241	411.665	24	50	54H0	0.003311083	4.55E-06	42
590.503	99.977	24	45	54H0	0.002979204	4.09E-06	43
121.212	193.136	24	45	54H0	0.002979204	4.09E-06	44
181.917	150.792	24	45	54H0	0.002979204	4.09E-06	45
659.78	55.936	24	40	54H0	0.002647496	3.64E-06	46
196.663	58.464	24	45	54H0	0.002979204	4.09E-06	47
199.877	107.239	24	45	54H0	0.002979204	4.09E-06	48
74.964	93.799	24	50	54H0	0.003311083	4.55E-06	49
223.314	95.805	24	55	54H0	0.003643134	5.00E-06	50
292.121	59.796	24	55	54H0	0.003643134	5.00E-06	51
202.446	85.268	24	55	54H0	0.003643134	5.00E-06	52
112.048	122.052	24	55	54H0	0.003643134	5.00E-06	53
42.894	114.308	24	55	54H0	0.003643134	5.00E-06	54
1038.092	98.003	24	55	54H0	0.003643134	5.00E-06	55
214.943	127.792	24	65	54H0	0.004307749	5.92E-06	56
224.497	94.827	24	55	54H0	0.003643134	5.00E-06	57
176.307	250.739	24	60	54H0	0.003975356	5.46E-06	58
18.514	74.124	24	50	54H0	0.003311083	4.55E-06	59
29.351	238.863	24	60	54H0	0.003975356	5.46E-06	60
157.772	89.8	24	60	54H0	0.003975356	5.46E-06	61
NA	NA	24	NA	54H0	727.7199076	0.999752586	62
354.986	43.903	25	50	55G8	0.003311083	3.20E-05	1
334.342	0	25	30	55G8	0.001984594	1.92E-05	2
311.806	49.483	25	50	55G8	0.003311083	3.20E-05	3
NA	NA	25	NA	55G8	103.5913932	0.999916923	4
260.771	71.631	26	50	55G9	0.003311083	5.29E-06	1
333.42	88.381	26	50	55G9	0.003311083	5.29E-06	2
362.93	73.298	26	50	55G9	0.003311083	5.29E-06	3
321.29	51.936	26	50	55G9	0.003311083	5.29E-06	4
234.039	18.294	26	45	55G9	0.002979204	4.76E-06	5
236.75	32.359	26	45	55G9	0.002979204	4.76E-06	6
310.678	38.221	26	45	55G9	0.002979204	4.76E-06	7
326.852	33.463	26	45	55G9	0.002979204	4.76E-06	8
245.627	36.208	26	45	55G9	0.002979204	4.76E-06	9
352.029	28.009	26	35	55G9	0.002315959	3.70E-06	10
442.159	18.235	26	35	55G9	0.002315959	3.70E-06	11
519.766	29.076	26	35	55G9	0.002315959	3.70E-06	12
571.663	28.385	26	35	55G9	0.002315959	3.70E-06	13
573.246	24.441	26	35	55G9	0.002315959	3.70E-06	14
404.713	75.684	26	55	55G9	0.003643134	5.82E-06	15
402.94	90.25	26	50	55G9	0.003311083	5.29E-06	16
250.111	72.155	26	55	55G9	0.003643134	5.82E-06	17
146.327	78.565	26	55	55G9	0.003643134	5.82E-06	18
158.009	94.607	26	55	55G9	0.003643134	5.82E-06	19
114.804	93.05	26	55	55G9	0.003643134	5.82E-06	20
127.229	113.084	26	45	55G9	0.002979204	4.76E-06	21
136.036	118.905	26	60	55G9	0.003975356	6.35E-06	22
108.284	196.064	26	50	55G9	0.003311083	5.29E-06	23
73.002	230.256	26	60	55G9	0.003975356	6.35E-06	24
192.503	222.351	26	65	55G9	0.004307749	6.89E-06	25
124.501	253.86	26	65	55G9	0.004307749	6.89E-06	26
376.585	326.895	26	60	55G9	0.003975356	6.35E-06	27
636.19	392.63	26	50	55G9	0.003311083	5.29E-06	28
397.218	268.822	26	50	55G9	0.003311083	5.29E-06	29
457.53	202.058	26	45	55G9	0.002979204	4.76E-06	30
213.111	219.801	26	45	55G9	0.002979204	4.76E-06	31
113.529	245.845	26	45	55G9	0.002979204	4.76E-06	32
67.831	482.166	26	60	55G9	0.003975356	6.35E-06	33
29.165	403.157	26	60	55G9	0.003975356	6.35E-06	34
219.087	577.554	26	65	55G9	0.004307749	6.89E-06	35
41.988	902.91	26	65	55G9	0.004307749	6.89E-06	36
239.353	524.26	26	60	55G9	0.003975356	6.35E-06	37
346.369	416.331	26	65	55G9	0.004307749	6.89E-06	38
111.553	556.751	26	60	55G9	0.003975356	6.35E-06	39
48.995	454.65	26	60	55G9	0.003975356	6.35E-06	40
18.577	621.201	26	60	55G9	0.003975356	6.35E-06	41
102.021	417.303	26	50	55G9	0.003311083	5.29E-06	42
31.471	196.902	26	55	55G9	0.003643134	5.82E-06	43
437.909	412.094	26	55	55G9	0.003643134	5.82E-06	44
22.479	231.065	26	60	55G9	0.003975356	6.35E-06	45
201.096	267.006	26	60	55G9	0.003975356	6.35E-06	46
124.669	300.097	26	65	55G9	0.004307749	6.89E-06	47
268.867	310.594	26	65	55G9	0.004307749	6.89E-06	48
2245.392	326.556	26	65	55G9	0.004307749	6.89E-06	49
71.392	263.446	26	60	55G9	0.003975356	6.35E-06	50
246.17	471.961	26	65	55G9	0.004307749	6.89E-06	51
214.859	426.577	26	70	55G9	0.004640313	7.42E-06	52
175.672	226.15	26	65	55G9	0.004307749	6.89E-06	53
1166.958	140.043	26	65	55G9	0.004307749	6.89E-06	54
708.494	118.875	26	65	55G9	0.004307749	6.89E-06	55
355.431	70.116	26	60	55G9	0.003975356	6.35E-06	56
644.84	17.946	26	65	55G9	0.004307749	6.89E-06	57
758.298	28.859	26	65	55G9	0.004307749	6.89E-06	58
552.275	20.45	26	70	55G9	0.004640313	7.42E-06	59
582.689	7.491	26	50	55G9	0.003311083	5.29E-06	60
674.748	14.421	26	60	55G9	0.003975356	6.35E-06	61
823.075	11.239	26	60	55G9	0.003975356	6.35E-06	62
951.027	13.006	26	55	55G9	0.003643134	5.82E-06	63
681.079	13.814	26	55	55G9	0.003643134	5.82E-06	64
504.809	10.454	26	55	55G9	0.003643134	5.82E-06	65
628.507	15.001	26	70	55G9	0.004640313	7.42E-06	66
585.406	18.518	26	55	55G9	0.003643134	5.82E-06	67
596.561	12.599	26	55	55G9	0.003643134	5.82E-06	68
599.948	12.433	26	55	55G9	0.003643134	5.82E-06	69
671.032	18.746	26	80	55G9	0.005305956	8.48E-06	70
1084.216	14.406	26	55	55G9	0.003643134	5.82E-06	71
NA	NA	26	NA	55G9	625.338327	0.999581725	72
85.74	259.243	27	55	55H0	0.003643134	5.29E-06	1
177.581	238.196	27	50	55H0	0.003311083	4.81E-06	2
16.201	183.721	27	50	55H0	0.003311083	4.81E-06	3
612.962	215.191	27	50	55H0	0.003311083	4.81E-06	4
8.383	142.058	27	50	55H0	0.003311083	4.81E-06	5
63.104	142.757	27	50	55H0	0.003311083	4.81E-06	6
120.291	187.688	27	50	55H0	0.003311083	4.81E-06	7
80.195	154.243	27	50	55H0	0.003311083	4.81E-06	8
143.919	128.815	27	50	55H0	0.003311083	4.81E-06	9
11.941	97.384	27	50	55H0	0.003311083	4.81E-06	10
256.554	84.416	27	50	55H0	0.003311083	4.81E-06	11
19.773	79.679	27	45	55H0	0.002979204	4.33E-06	12
409.573	25.53	27	45	55H0	0.002979204	4.33E-06	13
1733.978	174.18	27	45	55H0	0.002979204	4.33E-06	14
246.265	380.514	27	50	55H0	0.003311083	4.81E-06	15
769.79	269.79	27	55	55H0	0.003643134	5.29E-06	16
358.539	384.081	27	60	55H0	0.003975356	5.77E-06	17
370.366	456.264	27	55	55H0	0.003643134	5.29E-06	18
39.214	356.097	27	50	55H0	0.003311083	4.81E-06	19
112.214	412.026	27	50	55H0	0.003311083	4.81E-06	20
262.36	45.911	27	40	55H0	0.002647496	3.84E-06	21
998.182	0.671	27	35	55H0	0.002315959	3.36E-06	22
133.02	1.062	27	35	55H0	0.002315959	3.36E-06	23
1772.646	83.433	27	40	55H0	0.002647496	3.84E-06	24
84.701	90.893	27	40	55H0	0.002647496	3.84E-06	25
254.688	52.915	27	40	55H0	0.002647496	3.84E-06	26
132.547	34.08	27	35	55H0	0.002315959	3.36E-06	27
157.305	168.852	27	35	55H0	0.002315959	3.36E-06	28
136.254	27.808	27	35	55H0	0.002315959	3.36E-06	29
241.333	20.527	27	35	55H0	0.002315959	3.36E-06	30
568.987	444.82	27	50	55H0	0.003311083	4.81E-06	31
313.377	133.256	27	45	55H0	0.002979204	4.33E-06	32
756.778	141.499	27	45	55H0	0.002979204	4.33E-06	33
220.004	186.941	27	50	55H0	0.003311083	4.81E-06	34
29.388	143.805	27	60	55H0	0.003975356	5.77E-06	35
286.975	122.984	27	45	55H0	0.002979204	4.33E-06	36
137.014	202.937	27	50	55H0	0.003311083	4.81E-06	37
202.468	487.965	27	50	55H0	0.003311083	4.81E-06	38
55.402	206.756	27	50	55H0	0.003311083	4.81E-06	39
133.329	23.149	27	40	55H0	0.002647496	3.84E-06	40
60.855	46.652	27	40	55H0	0.002647496	3.84E-06	41
126.314	174.665	27	45	55H0	0.002979204	4.33E-06	42
116.221	4.187	27	35	55H0	0.002315959	3.36E-06	43
1519.251	38.038	27	40	55H0	0.002647496	3.84E-06	44
298.319	60.628	27	40	55H0	0.002647496	3.84E-06	45
541.925	88.81	27	40	55H0	0.002647496	3.84E-06	46
40.877	75.744	27	40	55H0	0.002647496	3.84E-06	47
298.501	213.084	27	45	55H0	0.002979204	4.33E-06	48
268.055	492.218	27	50	55H0	0.003311083	4.81E-06	49
217.939	419.282	27	50	55H0	0.003311083	4.81E-06	50
78.98	126.54	27	45	55H0	0.002979204	4.33E-06	51
67.578	81.42	27	50	55H0	0.003311083	4.81E-06	52
9.719	68.455	27	45	55H0	0.002979204	4.33E-06	53
9.581	90.433	27	55	55H0	0.003643134	5.29E-06	54
17.166	105.508	27	45	55H0	0.002979204	4.33E-06	55
13.571	152.269	27	55	55H0	0.003643134	5.29E-06	56
2.624	134.637	27	60	55H0	0.003975356	5.77E-06	57
25.988	190.897	27	55	55H0	0.003643134	5.29E-06	58
36.977	340.798	27	55	55H0	0.003643134	5.29E-06	59
174.565	357.954	27	60	55H0	0.003975356	5.77E-06	60
219.647	461.513	27	60	55H0	0.003975356	5.77E-06	61
26.96	247.237	27	60	55H0	0.003975356	5.77E-06	62
66.133	120.547	27	55	55H0	0.003643134	5.29E-06	63
46.977	719.831	27	60	55H0	0.003975356	5.77E-06	64
NA	NA	27	NA	55H0	688.3980368	0.999706705	65
NA	NA	28	NA	55H1	86.69998	0.999999769	1
NA	NA	28	NA	55H1	1.00E-05	1.15E-07	2
NA	NA	28	NA	55H1	1.00E-05	1.15E-07	3
