ch1	ch2	Rec	meanD	Rec2	Ae	pA	LOG
638.208	0	1	30	50G7	0.001984594	4.92E-06	1
1104.216	0	1	30	50G7	0.001984594	4.92E-06	2
1480.331	0	1	30	50G7	0.001984594	4.92E-06	3
1778.983	0	1	30	50G7	0.001984594	4.92E-06	4
1156.81	0	1	30	50G7	0.001984594	4.92E-06	5
1063.63	0	1	25	50G7	0.0016534	4.10E-06	6
1274.674	0	1	30	50G7	0.001984594	4.92E-06	7
1906.961	0	1	30	50G7	0.001984594	4.92E-06	8
990.385	14.778	1	40	50G7	0.002647496	6.57E-06	9
873.718	288.692	1	35	50G7	0.002315959	5.75E-06	10
1014.662	77.371	1	35	50G7	0.002315959	5.75E-06	11
392.182	49.665	1	35	50G7	0.002315959	5.75E-06	12
486.565	32.899	1	35	50G7	0.002315959	5.75E-06	13
441.128	29.553	1	35	50G7	0.002315959	5.75E-06	14
395.812	8.861	1	35	50G7	0.002315959	5.75E-06	15
512.531	0	1	30	50G7	0.001984594	4.92E-06	16
846.888	0	1	30	50G7	0.001984594	4.92E-06	17
1217.864	0	1	30	50G7	0.001984594	4.92E-06	18
1191.326	0.751	1	35	50G7	0.002315959	5.75E-06	19
1048.767	21.727	1	35	50G7	0.002315959	5.75E-06	20
1183.187	64.06	1	35	50G7	0.002315959	5.75E-06	21
337.365	0	1	30	50G7	0.001984594	4.92E-06	22
624.962	0	1	25	50G7	0.0016534	4.10E-06	23
568.084	0	1	25	50G7	0.0016534	4.10E-06	24
737.758	0	1	25	50G7	0.0016534	4.10E-06	25
780.324	0	1	30	50G7	0.001984594	4.92E-06	26
922.313	42.129	1	35	50G7	0.002315959	5.75E-06	27
477.602	29.811	1	35	50G7	0.002315959	5.75E-06	28
240.818	5.68	1	35	50G7	0.002315959	5.75E-06	29
258.073	0	1	30	50G7	0.001984594	4.92E-06	30
277.168	0	1	30	50G7	0.001984594	4.92E-06	31
559.474	12.086	1	35	50G7	0.002315959	5.75E-06	32
522.481	243.654	1	40	50G7	0.002647496	6.57E-06	33
617.955	50.915	1	35	50G7	0.002315959	5.75E-06	34
657.97	0	1	30	50G7	0.001984594	4.92E-06	35
733.072	0	1	30	50G7	0.001984594	4.92E-06	36
729.956	0	1	30	50G7	0.001984594	4.92E-06	37
447.938	0	1	30	50G7	0.001984594	4.92E-06	38
533.395	0	1	25	50G7	0.0016534	4.10E-06	39
514.04	0	1	30	50G7	0.001984594	4.92E-06	40
536.227	7.353	1	35	50G7	0.002315959	5.75E-06	41
829.826	0	1	30	50G7	0.001984594	4.92E-06	42
1347.47	2.841	1	35	50G7	0.002315959	5.75E-06	43
1151.025	0	1	30	50G7	0.001984594	4.92E-06	44
603.077	0	1	30	50G7	0.001984594	4.92E-06	45
577.255	0	1	30	50G7	0.001984594	4.92E-06	46
569.642	0	1	30	50G7	0.001984594	4.92E-06	47
499.657	0	1	30	50G7	0.001984594	4.92E-06	48
496.621	10.196	1	35	50G7	0.002315959	5.75E-06	49
NA	NA	1	NA	50G7	402.9974518	0.999745601	50
44.633	165.445	2	50	50G8	0.003311083	3.97E-06	1
26.52	222.776	2	45	50G8	0.002979204	3.57E-06	2
36.835	206.284	2	45	50G8	0.002979204	3.57E-06	3
31.965	200.242	2	55	50G8	0.003643134	4.37E-06	4
57.136	239.98	2	45	50G8	0.002979204	3.57E-06	5
95.121	128.806	2	45	50G8	0.002979204	3.57E-06	6
141.037	95.005	2	45	50G8	0.002979204	3.57E-06	7
140.678	82.562	2	45	50G8	0.002979204	3.57E-06	8
111.347	68.6	2	45	50G8	0.002979204	3.57E-06	9
319.689	59.077	2	45	50G8	0.002979204	3.57E-06	10
199.013	50.536	2	45	50G8	0.002979204	3.57E-06	11
619.407	49.908	2	45	50G8	0.002979204	3.57E-06	12
586.382	43.349	2	40	50G8	0.002647496	3.18E-06	13
207.355	28.586	2	35	50G8	0.002315959	2.78E-06	14
700.916	19.687	2	35	50G8	0.002315959	2.78E-06	15
621.438	0	2	30	50G8	0.001984594	2.38E-06	16
909.475	9.654	2	35	50G8	0.002315959	2.78E-06	17
508.627	52.745	2	35	50G8	0.002315959	2.78E-06	18
934.89	90.253	2	35	50G8	0.002315959	2.78E-06	19
357.66	23.385	2	35	50G8	0.002315959	2.78E-06	20
241.161	10.801	2	40	50G8	0.002647496	3.18E-06	21
550.983	8.815	2	35	50G8	0.002315959	2.78E-06	22
647.242	18.917	2	35	50G8	0.002315959	2.78E-06	23
409.582	36.981	2	35	50G8	0.002315959	2.78E-06	24
558.259	37.173	2	35	50G8	0.002315959	2.78E-06	25
296.856	24.312	2	35	50G8	0.002315959	2.78E-06	26
411.17	37.7	2	35	50G8	0.002315959	2.78E-06	27
327.868	39.965	2	35	50G8	0.002315959	2.78E-06	28
473.666	75.074	2	35	50G8	0.002315959	2.78E-06	29
588.861	107.867	2	35	50G8	0.002315959	2.78E-06	30
401.66	15.424	2	35	50G8	0.002315959	2.78E-06	31
225.726	39.59	2	35	50G8	0.002315959	2.78E-06	32
161.079	44.663	2	35	50G8	0.002315959	2.78E-06	33
173.298	26.116	2	35	50G8	0.002315959	2.78E-06	34
296.909	18.794	2	35	50G8	0.002315959	2.78E-06	35
644.364	0	2	30	50G8	0.001984594	2.38E-06	36
671.556	0	2	30	50G8	0.001984594	2.38E-06	37
536.261	0	2	30	50G8	0.001984594	2.38E-06	38
412.293	0	2	30	50G8	0.001984594	2.38E-06	39
636.83	0	2	30	50G8	0.001984594	2.38E-06	40
748.028	0	2	30	50G8	0.001984594	2.38E-06	41
479.538	0.899	2	35	50G8	0.002315959	2.78E-06	42
363.425	25.11	2	35	50G8	0.002315959	2.78E-06	43
317.746	14.914	2	35	50G8	0.002315959	2.78E-06	44
217.135	4.547	2	35	50G8	0.002315959	2.78E-06	45
362.953	2.751	2	35	50G8	0.002315959	2.78E-06	46
444.496	80.541	2	35	50G8	0.002315959	2.78E-06	47
459.17	97.373	2	35	50G8	0.002315959	2.78E-06	48
404.856	136.528	2	35	50G8	0.002315959	2.78E-06	49
864.25	132.781	2	35	50G8	0.002315959	2.78E-06	50
741.721	165.143	2	35	50G8	0.002315959	2.78E-06	51
635.767	135.664	2	35	50G8	0.002315959	2.78E-06	52
466.627	98.272	2	35	50G8	0.002315959	2.78E-06	53
404.251	65.366	2	40	50G8	0.002647496	3.18E-06	54
343.393	88.153	2	40	50G8	0.002647496	3.18E-06	55
336.96	88.564	2	40	50G8	0.002647496	3.18E-06	56
245.535	32.924	2	40	50G8	0.002647496	3.18E-06	57
262.105	51.87	2	45	50G8	0.002979204	3.57E-06	58
161.848	52.113	2	45	50G8	0.002979204	3.57E-06	59
224.23	66.481	2	50	50G8	0.003311083	3.97E-06	60
232.418	87.79	2	50	50G8	0.003311083	3.97E-06	61
110.578	34.447	2	55	50G8	0.003643134	4.37E-06	62
88.847	40.658	2	55	50G8	0.003643134	4.37E-06	63
794.734	28.423	2	55	50G8	0.003643134	4.37E-06	64
760.808	74.829	2	55	50G8	0.003643134	4.37E-06	65
418.039	57.877	2	65	50G8	0.004307749	5.17E-06	66
656.639	44.317	2	65	50G8	0.004307749	5.17E-06	67
468.656	9.167	2	40	50G8	0.002647496	3.18E-06	68
393.715	59.921	2	70	50G8	0.004640313	5.57E-06	69
383.892	20.715	2	70	50G8	0.004640313	5.57E-06	70
83.872	24.616	2	75	50G8	0.004973049	5.97E-06	71
NA	NA	2	NA	50G8	833.2066961	0.999768054	72
19.72	108.505	3	60	50G9	0.003975356	4.52E-06	1
32.764	126.01	3	60	50G9	0.003975356	4.52E-06	2
3.803	108.205	3	60	50G9	0.003975356	4.52E-06	3
5.15	66	3	55	50G9	0.003643134	4.14E-06	4
5.32	84.453	3	60	50G9	0.003975356	4.52E-06	5
0	117.756	3	80	50G9	0.005305956	6.03E-06	6
2.742	119.036	3	70	50G9	0.004640313	5.28E-06	7
3.264	139.161	3	65	50G9	0.004307749	4.90E-06	8
4.73	102.538	3	70	50G9	0.004640313	5.28E-06	9
3.91	114.308	3	60	50G9	0.003975356	4.52E-06	10
3.066	57.818	3	60	50G9	0.003975356	4.52E-06	11
6.042	87.946	3	70	50G9	0.004640313	5.28E-06	12
8.185	81.712	3	55	50G9	0.003643134	4.14E-06	13
0.941	123.792	3	65	50G9	0.004307749	4.90E-06	14
3.722	158.95	3	65	50G9	0.004307749	4.90E-06	15
3.654	185.96	3	70	50G9	0.004640313	5.28E-06	16
0.503	121.044	3	75	50G9	0.004973049	5.65E-06	17
8.417	140.375	3	70	50G9	0.004640313	5.28E-06	18
43.668	131.004	3	65	50G9	0.004307749	4.90E-06	19
2.68	94.218	3	70	50G9	0.004640313	5.28E-06	20
12.327	139.634	3	70	50G9	0.004640313	5.28E-06	21
16.547	93.128	3	65	50G9	0.004307749	4.90E-06	22
11.54	139.573	3	70	50G9	0.004640313	5.28E-06	23
7.721	170.814	3	70	50G9	0.004640313	5.28E-06	24
15.61	218.251	3	70	50G9	0.004640313	5.28E-06	25
15.967	256.125	3	65	50G9	0.004307749	4.90E-06	26
33.228	211.737	3	65	50G9	0.004307749	4.90E-06	27
10.517	246.308	3	60	50G9	0.003975356	4.52E-06	28
25.76	213.335	3	65	50G9	0.004307749	4.90E-06	29
14.925	193.547	3	70	50G9	0.004640313	5.28E-06	30
25.163	164.058	3	55	50G9	0.003643134	4.14E-06	31
13.397	195.005	3	60	50G9	0.003975356	4.52E-06	32
21.31	170.622	3	55	50G9	0.003643134	4.14E-06	33
29.216	171.534	3	55	50G9	0.003643134	4.14E-06	34
174.696	34.786	3	50	50G9	0.003311083	3.76E-06	35
188.892	67.268	3	55	50G9	0.003643134	4.14E-06	36
207.261	40.535	3	50	50G9	0.003311083	3.76E-06	37
170.688	38.466	3	50	50G9	0.003311083	3.76E-06	38
175.442	41.973	3	55	50G9	0.003643134	4.14E-06	39
138.219	35.717	3	55	50G9	0.003643134	4.14E-06	40
171.749	25.325	3	55	50G9	0.003643134	4.14E-06	41
155.486	27.242	3	55	50G9	0.003643134	4.14E-06	42
129.557	20.831	3	55	50G9	0.003643134	4.14E-06	43
147.601	23.079	3	55	50G9	0.003643134	4.14E-06	44
147.582	41.311	3	50	50G9	0.003311083	3.76E-06	45
125.412	52.733	3	55	50G9	0.003643134	4.14E-06	46
123.922	93.37	3	50	50G9	0.003311083	3.76E-06	47
147.014	62.362	3	50	50G9	0.003311083	3.76E-06	48
92.665	79.968	3	50	50G9	0.003311083	3.76E-06	49
115.625	60.211	3	50	50G9	0.003311083	3.76E-06	50
197.938	90.336	3	60	50G9	0.003975356	4.52E-06	51
161.405	105.367	3	50	50G9	0.003311083	3.76E-06	52
130.953	57.992	3	50	50G9	0.003311083	3.76E-06	53
139.545	62.625	3	55	50G9	0.003643134	4.14E-06	54
161.14	47.806	3	45	50G9	0.002979204	3.39E-06	55
182.566	54.979	3	50	50G9	0.003311083	3.76E-06	56
155.739	52.464	3	50	50G9	0.003311083	3.76E-06	57
210.565	53.717	3	50	50G9	0.003311083	3.76E-06	58
169.754	58.512	3	50	50G9	0.003311083	3.76E-06	59
195.155	55.614	3	45	50G9	0.002979204	3.39E-06	60
285.739	96.394	3	45	50G9	0.002979204	3.39E-06	61
233.257	91.381	3	45	50G9	0.002979204	3.39E-06	62
352.616	113.326	3	45	50G9	0.002979204	3.39E-06	63
287.551	104.881	3	45	50G9	0.002979204	3.39E-06	64
22.975	240.95	3	45	50G9	0.002979204	3.39E-06	65
43.87	195.661	3	40	50G9	0.002647496	3.01E-06	66
276.001	377.729	3	45	50G9	0.002979204	3.39E-06	67
278.717	107.977	3	45	50G9	0.002979204	3.39E-06	68
168.622	213.229	3	40	50G9	0.002647496	3.01E-06	69
559.705	683.136	3	45	50G9	0.002979204	3.39E-06	70
161.571	370.341	3	45	50G9	0.002979204	3.39E-06	71
283.655	568.997	3	45	50G9	0.002979204	3.39E-06	72
221.679	1290.676	3	50	50G9	0.003311083	3.76E-06	73
153.034	219.21	3	45	50G9	0.002979204	3.39E-06	74
1328.337	70.513	3	35	50G9	0.002315959	2.63E-06	75
381.211	83.275	3	40	50G9	0.002647496	3.01E-06	76
147.589	61.483	3	45	50G9	0.002979204	3.39E-06	77
101.203	210.801	3	45	50G9	0.002979204	3.39E-06	78
123.733	239.904	3	50	50G9	0.003311083	3.76E-06	79
108.257	343.87	3	45	50G9	0.002979204	3.39E-06	80
168.453	630.115	3	45	50G9	0.002979204	3.39E-06	81
401.069	294.192	3	50	50G9	0.003311083	3.76E-06	82
24.145	258.618	3	50	50G9	0.003311083	3.76E-06	83
186.681	370.917	3	45	50G9	0.002979204	3.39E-06	84
77.639	184.532	3	40	50G9	0.002647496	3.01E-06	85
130.627	111.781	3	45	50G9	0.002979204	3.39E-06	86
204.992	115.306	3	50	50G9	0.003311083	3.76E-06	87
63.735	142.24	3	50	50G9	0.003311083	3.76E-06	88
54.629	92.561	3	45	50G9	0.002979204	3.39E-06	89
100.343	106.296	3	45	50G9	0.002979204	3.39E-06	90
328.418	123.486	3	50	50G9	0.003311083	3.76E-06	91
121.148	116.099	3	50	50G9	0.003311083	3.76E-06	92
426.656	121.388	3	40	50G9	0.002647496	3.01E-06	93
411.228	70.087	3	50	50G9	0.003311083	3.76E-06	94
584.416	66.484	3	60	50G9	0.003975356	4.52E-06	95
NA	NA	3	NA	50G9	879.1591865	0.999612492	96
741.313	10.349	4	35	50H0	0.002315959	2.91E-06	1
751.295	0	4	30	50H0	0.001984594	2.50E-06	2
761.128	0	4	30	50H0	0.001984594	2.50E-06	3
760.326	0	4	30	50H0	0.001984594	2.50E-06	4
1044.671	0	4	30	50H0	0.001984594	2.50E-06	5
902.255	0	4	30	50H0	0.001984594	2.50E-06	6
758.401	0	4	30	50H0	0.001984594	2.50E-06	7
593.186	0	4	30	50H0	0.001984594	2.50E-06	8
419.577	7.944	4	35	50H0	0.002315959	2.91E-06	9
499.273	3.52	4	35	50H0	0.002315959	2.91E-06	10
358.999	42.33	4	35	50H0	0.002315959	2.91E-06	11
293.062	79.955	4	35	50H0	0.002315959	2.91E-06	12
58.048	82.22	4	40	50H0	0.002647496	3.33E-06	13
20.222	43.284	4	40	50H0	0.002647496	3.33E-06	14
45.226	42.41	4	40	50H0	0.002647496	3.33E-06	15
29.312	43.627	4	40	50H0	0.002647496	3.33E-06	16
13.569	84.973	4	45	50H0	0.002979204	3.75E-06	17
6.347	120.991	4	55	50H0	0.003643134	4.58E-06	18
12.009	161.567	4	50	50H0	0.003311083	4.16E-06	19
4.741	141.814	4	50	50H0	0.003311083	4.16E-06	20
11.679	163.138	4	50	50H0	0.003311083	4.16E-06	21
28.163	171.055	4	50	50H0	0.003311083	4.16E-06	22
7.126	219.557	4	50	50H0	0.003311083	4.16E-06	23
13.341	110.46	4	50	50H0	0.003311083	4.16E-06	24
28.102	134.54	4	55	50H0	0.003643134	4.58E-06	25
12.903	175.439	4	45	50H0	0.002979204	3.75E-06	26
29.861	124.489	4	50	50H0	0.003311083	4.16E-06	27
49.051	119.41	4	55	50H0	0.003643134	4.58E-06	28
28.869	143.63	4	50	50H0	0.003311083	4.16E-06	29
9.882	142.713	4	55	50H0	0.003643134	4.58E-06	30
11.346	168.611	4	55	50H0	0.003643134	4.58E-06	31
59.979	209.001	4	55	50H0	0.003643134	4.58E-06	32
257.439	114.322	4	40	50H0	0.002647496	3.33E-06	33
243.49	157.041	4	40	50H0	0.002647496	3.33E-06	34
175.531	292.411	4	45	50H0	0.002979204	3.75E-06	35
127.944	221.1	4	45	50H0	0.002979204	3.75E-06	36
24.48	211.32	4	45	50H0	0.002979204	3.75E-06	37
33.716	309.027	4	45	50H0	0.002979204	3.75E-06	38
14.832	399.665	4	50	50H0	0.003311083	4.16E-06	39
214.873	256.15	4	45	50H0	0.002979204	3.75E-06	40
89.545	229.954	4	45	50H0	0.002979204	3.75E-06	41
65.928	376.004	4	40	50H0	0.002647496	3.33E-06	42
115.48	150.931	4	50	50H0	0.003311083	4.16E-06	43
206.028	27.367	4	40	50H0	0.002647496	3.33E-06	44
71.506	52.519	4	45	50H0	0.002979204	3.75E-06	45
150.756	67.667	4	40	50H0	0.002647496	3.33E-06	46
186.991	98.109	4	35	50H0	0.002315959	2.91E-06	47
160.035	64.41	4	35	50H0	0.002315959	2.91E-06	48
148.114	9.932	4	35	50H0	0.002315959	2.91E-06	49
347.892	67.325	4	45	50H0	0.002979204	3.75E-06	50
449.958	195.444	4	40	50H0	0.002647496	3.33E-06	51
1243.753	61.978	4	40	50H0	0.002647496	3.33E-06	52
1754.532	100.597	4	40	50H0	0.002647496	3.33E-06	53
607.791	5.874	4	40	50H0	0.002647496	3.33E-06	54
1605.126	10.424	4	45	50H0	0.002979204	3.75E-06	55
808.49	0	4	40	50H0	0.002647496	3.33E-06	56
327.579	0	4	30	50H0	0.001984594	2.50E-06	57
242.958	6.986	4	35	50H0	0.002315959	2.91E-06	58
300.453	3.945	4	45	50H0	0.002979204	3.75E-06	59
599.903	11.45	4	35	50H0	0.002315959	2.91E-06	60
186.047	6.665	4	40	50H0	0.002647496	3.33E-06	61
86.899	27.535	4	40	50H0	0.002647496	3.33E-06	62
574	16.567	4	40	50H0	0.002647496	3.33E-06	63
592.323	5.784	4	35	50H0	0.002315959	2.91E-06	64
249.553	59.096	4	45	50H0	0.002979204	3.75E-06	65
634.361	262.71	4	45	50H0	0.002979204	3.75E-06	66
268.208	359.089	4	40	50H0	0.002647496	3.33E-06	67
566.803	394.639	4	40	50H0	0.002647496	3.33E-06	68
90.007	225.731	4	40	50H0	0.002647496	3.33E-06	69
642.462	704.078	4	55	50H0	0.003643134	4.58E-06	70
NA	NA	4	NA	50H0	794.9053762	0.999755221	71
NA	NA	5	NA	50H1	41.59998	0.999999519	1
NA	NA	5	NA	50H1	1.00E-05	2.40E-07	2
NA	NA	5	NA	50H1	1.00E-05	2.40E-07	3
402.451	116.159	6	40	51G7	0.002647496	4.31E-06	1
538.569	75.66	6	40	51G7	0.002647496	4.31E-06	2
785.731	73.782	6	40	51G7	0.002647496	4.31E-06	3
1157.927	114.972	6	40	51G7	0.002647496	4.31E-06	4
865.221	25.923	6	35	51G7	0.002315959	3.77E-06	5
854.898	0	6	30	51G7	0.001984594	3.23E-06	6
663.039	0	6	30	51G7	0.001984594	3.23E-06	7
806.554	34.388	6	35	51G7	0.002315959	3.77E-06	8
334.097	100.543	6	40	51G7	0.002647496	4.31E-06	9
294.362	78.216	6	40	51G7	0.002647496	4.31E-06	10
243.177	66.001	6	40	51G7	0.002647496	4.31E-06	11
339.965	70.524	6	40	51G7	0.002647496	4.31E-06	12
446.455	48.926	6	40	51G7	0.002647496	4.31E-06	13
592.803	42.396	6	40	51G7	0.002647496	4.31E-06	14
548.039	86.087	6	35	51G7	0.002315959	3.77E-06	15
429.714	155.341	6	35	51G7	0.002315959	3.77E-06	16
332.582	117.396	6	40	51G7	0.002647496	4.31E-06	17
407.898	74.018	6	45	51G7	0.002979204	4.85E-06	18
334.7	95.929	6	45	51G7	0.002979204	4.85E-06	19
687.728	83.673	6	45	51G7	0.002979204	4.85E-06	20
1176.19	51.955	6	45	51G7	0.002979204	4.85E-06	21
787.597	39.269	6	45	51G7	0.002979204	4.85E-06	22
383.227	26.636	6	45	51G7	0.002979204	4.85E-06	23
433.238	73.828	6	35	51G7	0.002315959	3.77E-06	24
3004.366	1.931	6	35	51G7	0.002315959	3.77E-06	25
2200.348	0	6	30	51G7	0.001984594	3.23E-06	26
1895.395	0	6	30	51G7	0.001984594	3.23E-06	27
1713.133	0	6	30	51G7	0.001984594	3.23E-06	28
1082.307	49.814	6	35	51G7	0.002315959	3.77E-06	29
1186.939	67.495	6	35	51G7	0.002315959	3.77E-06	30
1455.005	54.12	6	35	51G7	0.002315959	3.77E-06	31
1029.792	49.536	6	35	51G7	0.002315959	3.77E-06	32
1269.345	14.969	6	35	51G7	0.002315959	3.77E-06	33
1444.827	0.733	6	35	51G7	0.002315959	3.77E-06	34
1351.723	0	6	30	51G7	0.001984594	3.23E-06	35
1301.951	0	6	30	51G7	0.001984594	3.23E-06	36
1232.969	37.908	6	35	51G7	0.002315959	3.77E-06	37
1026.974	44.52	6	35	51G7	0.002315959	3.77E-06	38
1030.64	47.227	6	35	51G7	0.002315959	3.77E-06	39
1015.052	8.553	6	35	51G7	0.002315959	3.77E-06	40
1378.987	0	6	30	51G7	0.001984594	3.23E-06	41
1713.566	0	6	30	51G7	0.001984594	3.23E-06	42
1415.282	0	6	30	51G7	0.001984594	3.23E-06	43
1193.47	0	6	30	51G7	0.001984594	3.23E-06	44
750.475	0	6	30	51G7	0.001984594	3.23E-06	45
858.596	0	6	30	51G7	0.001984594	3.23E-06	46
1416.783	0	6	30	51G7	0.001984594	3.23E-06	47
855.535	0	6	30	51G7	0.001984594	3.23E-06	48
952.596	4.138	6	35	51G7	0.002315959	3.77E-06	49
759.74	54.08	6	40	51G7	0.002647496	4.31E-06	50
679.958	41.297	6	40	51G7	0.002647496	4.31E-06	51
561.489	93.495	6	40	51G7	0.002647496	4.31E-06	52
561.529	89.717	6	40	51G7	0.002647496	4.31E-06	53
608.521	73.681	6	40	51G7	0.002647496	4.31E-06	54
648.099	116.576	6	40	51G7	0.002647496	4.31E-06	55
600.359	83.661	6	40	51G7	0.002647496	4.31E-06	56
777.525	105.895	6	40	51G7	0.002647496	4.31E-06	57
1330.109	3.592	6	35	51G7	0.002315959	3.77E-06	58
1409.678	0.862	6	35	51G7	0.002315959	3.77E-06	59
1095.26	0	6	30	51G7	0.001984594	3.23E-06	60
NA	NA	6	NA	51G7	614.3560656	0.99976577	61
536.868	75.064	7	40	51G8	0.002647496	3.07E-06	1
611.563	138.032	7	40	51G8	0.002647496	3.07E-06	2
660.869	100.818	7	40	51G8	0.002647496	3.07E-06	3
795.913	173.606	7	40	51G8	0.002647496	3.07E-06	4
623.212	85.204	7	40	51G8	0.002647496	3.07E-06	5
396.193	52.447	7	40	51G8	0.002647496	3.07E-06	6
447.088	62.045	7	40	51G8	0.002647496	3.07E-06	7
986.324	99.374	7	40	51G8	0.002647496	3.07E-06	8
806.206	91.827	7	40	51G8	0.002647496	3.07E-06	9
578.02	78.059	7	40	51G8	0.002647496	3.07E-06	10
662.751	143.025	7	40	51G8	0.002647496	3.07E-06	11
700.89	173.172	7	45	51G8	0.002979204	3.45E-06	12
566.394	164.213	7	40	51G8	0.002647496	3.07E-06	13
360.654	44.806	7	50	51G8	0.003311083	3.83E-06	14
1208.512	40.562	7	45	51G8	0.002979204	3.45E-06	15
414.138	82.919	7	45	51G8	0.002979204	3.45E-06	16
223.695	131.75	7	45	51G8	0.002979204	3.45E-06	17
410.53	94.822	7	45	51G8	0.002979204	3.45E-06	18
106.587	71.267	7	45	51G8	0.002979204	3.45E-06	19
131.681	47.658	7	45	51G8	0.002979204	3.45E-06	20
241.553	38.552	7	45	51G8	0.002979204	3.45E-06	21
199.301	77.014	7	40	51G8	0.002647496	3.07E-06	22
194.552	144.118	7	40	51G8	0.002647496	3.07E-06	23
231.151	159.686	7	40	51G8	0.002647496	3.07E-06	24
222.812	219.723	7	40	51G8	0.002647496	3.07E-06	25
458.73	251.319	7	45	51G8	0.002979204	3.45E-06	26
382.075	230.575	7	45	51G8	0.002979204	3.45E-06	27
296.492	137.07	7	40	51G8	0.002647496	3.07E-06	28
293.985	212.91	7	45	51G8	0.002979204	3.45E-06	29
223.129	146.385	7	40	51G8	0.002647496	3.07E-06	30
214.262	141.05	7	40	51G8	0.002647496	3.07E-06	31
252.474	268.372	7	40	51G8	0.002647496	3.07E-06	32
205.382	101.368	7	40	51G8	0.002647496	3.07E-06	33
180.634	79.569	7	35	51G8	0.002315959	2.68E-06	34
177.633	54.254	7	35	51G8	0.002315959	2.68E-06	35
169.078	76.678	7	35	51G8	0.002315959	2.68E-06	36
378.589	57.975	7	35	51G8	0.002315959	2.68E-06	37
401.215	68.746	7	35	51G8	0.002315959	2.68E-06	38
529.329	18.248	7	35	51G8	0.002315959	2.68E-06	39
221.425	0	7	30	51G8	0.001984594	2.30E-06	40
199.951	238.135	7	45	51G8	0.002979204	3.45E-06	41
247.368	326.052	7	45	51G8	0.002979204	3.45E-06	42
95.393	301.656	7	45	51G8	0.002979204	3.45E-06	43
269.522	333.72	7	40	51G8	0.002647496	3.07E-06	44
288.286	313.095	7	40	51G8	0.002647496	3.07E-06	45
262.394	352.288	7	35	51G8	0.002315959	2.68E-06	46
406.79	53.655	7	35	51G8	0.002315959	2.68E-06	47
205.465	0	7	30	51G8	0.001984594	2.30E-06	48
549.543	0	7	30	51G8	0.001984594	2.30E-06	49
267.011	0	7	30	51G8	0.001984594	2.30E-06	50
485.601	0	7	30	51G8	0.001984594	2.30E-06	51
236.254	0	7	30	51G8	0.001984594	2.30E-06	52
430.209	0	7	30	51G8	0.001984594	2.30E-06	53
377.303	0	7	30	51G8	0.001984594	2.30E-06	54
254.576	0	7	30	51G8	0.001984594	2.30E-06	55
358.115	0	7	30	51G8	0.001984594	2.30E-06	56
525.602	26.801	7	35	51G8	0.002315959	2.68E-06	57
434.447	231.496	7	40	51G8	0.002647496	3.07E-06	58
272.752	200.911	7	40	51G8	0.002647496	3.07E-06	59
261.493	203.842	7	40	51G8	0.002647496	3.07E-06	60
420.682	187.449	7	40	51G8	0.002647496	3.07E-06	61
66.568	60.935	7	40	51G8	0.002647496	3.07E-06	62
74.512	68.128	7	35	51G8	0.002315959	2.68E-06	63
26.619	139.947	7	35	51G8	0.002315959	2.68E-06	64
78.493	46.125	7	35	51G8	0.002315959	2.68E-06	65
113.777	35.419	7	35	51G8	0.002315959	2.68E-06	66
60.568	16.473	7	35	51G8	0.002315959	2.68E-06	67
119.418	18.168	7	50	51G8	0.003311083	3.83E-06	68
224.231	8.387	7	35	51G8	0.002315959	2.68E-06	69
4.699	13.227	7	45	51G8	0.002979204	3.45E-06	70
27.31	42.931	7	35	51G8	0.002315959	2.68E-06	71
29.355	37.292	7	40	51G8	0.002647496	3.07E-06	72
28.443	22.494	7	35	51G8	0.002315959	2.68E-06	73
38.22	19.501	7	35	51G8	0.002315959	2.68E-06	74
248.133	33.439	7	40	51G8	0.002647496	3.07E-06	75
158.624	100.807	7	35	51G8	0.002315959	2.68E-06	76
15.144	97.403	7	40	51G8	0.002647496	3.07E-06	77
80.628	106.822	7	40	51G8	0.002647496	3.07E-06	78
20.56	116.981	7	45	51G8	0.002979204	3.45E-06	79
11.129	86.084	7	45	51G8	0.002979204	3.45E-06	80
27.1	138.45	7	45	51G8	0.002979204	3.45E-06	81
NA	NA	7	NA	51G8	863.4911831	0.99975823	82
157.203	10.458	8	55	51G9	0.003643134	4.21E-06	1
259.632	10.678	8	55	51G9	0.003643134	4.21E-06	2
200.354	12.195	8	65	51G9	0.004307749	4.98E-06	3
288.532	20.088	8	65	51G9	0.004307749	4.98E-06	4
298.645	13.78	8	60	51G9	0.003975356	4.59E-06	5
224.983	12.857	8	60	51G9	0.003975356	4.59E-06	6
202.048	10.249	8	55	51G9	0.003643134	4.21E-06	7
363.725	11.995	8	50	51G9	0.003311083	3.82E-06	8
118.912	6.586	8	50	51G9	0.003311083	3.82E-06	9
196.488	0.682	8	50	51G9	0.003311083	3.82E-06	10
261.356	3.75	8	50	51G9	0.003311083	3.82E-06	11
280.346	6.925	8	50	51G9	0.003311083	3.82E-06	12
374.915	3.602	8	50	51G9	0.003311083	3.82E-06	13
306.499	6.517	8	45	51G9	0.002979204	3.44E-06	14
476.475	4.656	8	45	51G9	0.002979204	3.44E-06	15
263.993	6.433	8	45	51G9	0.002979204	3.44E-06	16
271.38	2.801	8	45	51G9	0.002979204	3.44E-06	17
336.119	77.893	8	45	51G9	0.002979204	3.44E-06	18
68.325	132.315	8	45	51G9	0.002979204	3.44E-06	19
87.396	128.576	8	45	51G9	0.002979204	3.44E-06	20
36.628	146.47	8	45	51G9	0.002979204	3.44E-06	21
62.864	120.501	8	45	51G9	0.002979204	3.44E-06	22
20.961	152.542	8	50	51G9	0.003311083	3.82E-06	23
10.491	189.851	8	50	51G9	0.003311083	3.82E-06	24
47.103	221.469	8	50	51G9	0.003311083	3.82E-06	25
107.19	342.224	8	45	51G9	0.002979204	3.44E-06	26
57.963	217.675	8	45	51G9	0.002979204	3.44E-06	27
62.46	215.796	8	45	51G9	0.002979204	3.44E-06	28
30.872	130.61	8	45	51G9	0.002979204	3.44E-06	29
67.091	95.333	8	40	51G9	0.002647496	3.06E-06	30
22.292	160.555	8	40	51G9	0.002647496	3.06E-06	31
28.005	163.25	8	40	51G9	0.002647496	3.06E-06	32
110.344	82.57	8	40	51G9	0.002647496	3.06E-06	33
361.602	63.156	8	40	51G9	0.002647496	3.06E-06	34
33.674	73.632	8	45	51G9	0.002979204	3.44E-06	35
60.563	82.319	8	45	51G9	0.002979204	3.44E-06	36
10.298	134.112	8	50	51G9	0.003311083	3.82E-06	37
16.298	159.096	8	55	51G9	0.003643134	4.21E-06	38
24.242	122.472	8	55	51G9	0.003643134	4.21E-06	39
46.869	141.709	8	55	51G9	0.003643134	4.21E-06	40
100.928	72.049	8	55	51G9	0.003643134	4.21E-06	41
13.801	170.937	8	60	51G9	0.003975356	4.59E-06	42
30.487	113.457	8	60	51G9	0.003975356	4.59E-06	43
12.803	64.32	8	55	51G9	0.003643134	4.21E-06	44
41.963	41.862	8	50	51G9	0.003311083	3.82E-06	45
18.969	76.014	8	55	51G9	0.003643134	4.21E-06	46
17.615	104.72	8	55	51G9	0.003643134	4.21E-06	47
18.133	124.841	8	55	51G9	0.003643134	4.21E-06	48
110.058	118.884	8	55	51G9	0.003643134	4.21E-06	49
10.402	128.791	8	55	51G9	0.003643134	4.21E-06	50
13.279	119.499	8	55	51G9	0.003643134	4.21E-06	51
49.434	72.444	8	60	51G9	0.003975356	4.59E-06	52
21.899	130.165	8	70	51G9	0.004640313	5.36E-06	53
4.894	144.118	8	70	51G9	0.004640313	5.36E-06	54
76.652	39.107	8	65	51G9	0.004307749	4.98E-06	55
192.232	38.61	8	65	51G9	0.004307749	4.98E-06	56
247.752	40.519	8	55	51G9	0.003643134	4.21E-06	57
177.95	19.585	8	55	51G9	0.003643134	4.21E-06	58
187.641	11.672	8	65	51G9	0.004307749	4.98E-06	59
187.378	15.815	8	70	51G9	0.004640313	5.36E-06	60
164.874	12.274	8	65	51G9	0.004307749	4.98E-06	61
167.419	10.717	8	55	51G9	0.003643134	4.21E-06	62
149.409	14.359	8	60	51G9	0.003975356	4.59E-06	63
147.85	16.414	8	55	51G9	0.003643134	4.21E-06	64
102.266	21.203	8	65	51G9	0.004307749	4.98E-06	65
144.857	14.893	8	60	51G9	0.003975356	4.59E-06	66
152.934	16.06	8	60	51G9	0.003975356	4.59E-06	67
155.928	15.423	8	60	51G9	0.003975356	4.59E-06	68
218.765	14.331	8	60	51G9	0.003975356	4.59E-06	69
138.05	8.287	8	55	51G9	0.003643134	4.21E-06	70
104.491	7.808	8	60	51G9	0.003975356	4.59E-06	71
NA	NA	8	NA	51G9	865.5486289	0.999709666	72
138.771	127.199	9	45	51H0	0.002979204	3.44E-06	1
0.737	87.588	9	45	51H0	0.002979204	3.44E-06	2
49.348	111.92	9	50	51H0	0.003311083	3.82E-06	3
10.953	103.699	9	50	51H0	0.003311083	3.82E-06	4
13.213	110.319	9	50	51H0	0.003311083	3.82E-06	5
46.939	80.604	9	50	51H0	0.003311083	3.82E-06	6
6.496	72.825	9	50	51H0	0.003311083	3.82E-06	7
112.996	234.575	9	50	51H0	0.003311083	3.82E-06	8
29.772	133.278	9	50	51H0	0.003311083	3.82E-06	9
194.308	139.457	9	55	51H0	0.003643134	4.21E-06	10
3.233	185.285	9	65	51H0	0.004307749	4.98E-06	11
592.342	117.055	9	55	51H0	0.003643134	4.21E-06	12
97.014	118.454	9	65	51H0	0.004307749	4.98E-06	13
2.155	51.456	9	70	51H0	0.004640313	5.36E-06	14
36.707	42.062	9	70	51H0	0.004640313	5.36E-06	15
52.981	47.013	9	60	51H0	0.003975356	4.59E-06	16
16.32	67.402	9	70	51H0	0.004640313	5.36E-06	17
83.203	63.729	9	55	51H0	0.003643134	4.21E-06	18
78.029	58.548	9	70	51H0	0.004640313	5.36E-06	19
108.605	75.324	9	70	51H0	0.004640313	5.36E-06	20
159.925	43.685	9	65	51H0	0.004307749	4.98E-06	21
131.406	42.919	9	65	51H0	0.004307749	4.98E-06	22
147.57	51.26	9	65	51H0	0.004307749	4.98E-06	23
337.562	60.05	9	70	51H0	0.004640313	5.36E-06	24
341.439	25.292	9	60	51H0	0.003975356	4.59E-06	25
300.977	18.505	9	55	51H0	0.003643134	4.21E-06	26
479.132	12.121	9	60	51H0	0.003975356	4.59E-06	27
260.534	18.305	9	60	51H0	0.003975356	4.59E-06	28
146.745	11.452	9	60	51H0	0.003975356	4.59E-06	29
111.653	3.791	9	50	51H0	0.003311083	3.82E-06	30
96.905	7.39	9	60	51H0	0.003975356	4.59E-06	31
78.23	6.59	9	55	51H0	0.003643134	4.21E-06	32
111.578	13.391	9	60	51H0	0.003975356	4.59E-06	33
96.671	18.193	9	60	51H0	0.003975356	4.59E-06	34
134.152	11.698	9	55	51H0	0.003643134	4.21E-06	35
88.516	15.644	9	55	51H0	0.003643134	4.21E-06	36
36.754	12.399	9	55	51H0	0.003643134	4.21E-06	37
63.335	14.815	9	60	51H0	0.003975356	4.59E-06	38
78.575	18.067	9	55	51H0	0.003643134	4.21E-06	39
65.818	10.289	9	55	51H0	0.003643134	4.21E-06	40
105.022	10.324	9	55	51H0	0.003643134	4.21E-06	41
90.522	10.946	9	55	51H0	0.003643134	4.21E-06	42
166.877	6.387	9	55	51H0	0.003643134	4.21E-06	43
123.722	12.191	9	60	51H0	0.003975356	4.59E-06	44
117.141	15.594	9	55	51H0	0.003643134	4.21E-06	45
70.958	12.173	9	50	51H0	0.003311083	3.82E-06	46
103.013	19.229	9	55	51H0	0.003643134	4.21E-06	47
154.391	22.096	9	55	51H0	0.003643134	4.21E-06	48
120.409	27.906	9	55	51H0	0.003643134	4.21E-06	49
111.217	28.809	9	55	51H0	0.003643134	4.21E-06	50
101.736	16.949	9	55	51H0	0.003643134	4.21E-06	51
103.909	9.533	9	50	51H0	0.003311083	3.82E-06	52
163.599	13.943	9	50	51H0	0.003311083	3.82E-06	53
186.198	30.519	9	50	51H0	0.003311083	3.82E-06	54
221.786	29.58	9	50	51H0	0.003311083	3.82E-06	55
212.504	21.578	9	45	51H0	0.002979204	3.44E-06	56
189.748	20.567	9	45	51H0	0.002979204	3.44E-06	57
212.759	10.949	9	45	51H0	0.002979204	3.44E-06	58
145.728	9.481	9	40	51H0	0.002647496	3.06E-06	59
176.397	18.611	9	40	51H0	0.002647496	3.06E-06	60
98.144	22.263	9	40	51H0	0.002647496	3.06E-06	61
178.413	14.647	9	40	51H0	0.002647496	3.06E-06	62
203.945	0.924	9	35	51H0	0.002315959	2.68E-06	63
266.837	0	9	30	51H0	0.001984594	2.29E-06	64
412.65	0	9	30	51H0	0.001984594	2.29E-06	65
320.94	0	9	30	51H0	0.001984594	2.29E-06	66
442.903	0	9	30	51H0	0.001984594	2.29E-06	67
422.934	0	9	30	51H0	0.001984594	2.29E-06	68
528.937	0	9	30	51H0	0.001984594	2.29E-06	69
469.26	0	9	30	51H0	0.001984594	2.29E-06	70
403.64	0	9	30	51H0	0.001984594	2.29E-06	71
616.208	0	9	30	51H0	0.001984594	2.29E-06	72
698.568	0	9	30	51H0	0.001984594	2.29E-06	73
820.053	14.387	9	35	51H0	0.002315959	2.68E-06	74
574.297	23.061	9	35	51H0	0.002315959	2.68E-06	75
773.866	12.453	9	35	51H0	0.002315959	2.68E-06	76
NA	NA	9	NA	51H0	865.4440064	0.999704293	77
794.114	0	10	30	51H1	0.001984594	8.36E-06	1
762.758	0	10	30	51H1	0.001984594	8.36E-06	2
623.037	0	10	30	51H1	0.001984594	8.36E-06	3
646.642	0	10	25	51H1	0.0016534	6.97E-06	4
NA	NA	10	NA	51H1	237.2923928	0.999967943	5
102.186	158.566	11	50	52G7	0.003311083	6.86E-06	1
203.146	187.185	11	50	52G7	0.003311083	6.86E-06	2
398.579	106.094	11	45	52G7	0.002979204	6.17E-06	3
374.992	179.373	11	45	52G7	0.002979204	6.17E-06	4
206.763	421.53	11	50	52G7	0.003311083	6.86E-06	5
1303.738	418.688	11	45	52G7	0.002979204	6.17E-06	6
134.555	415.931	11	45	52G7	0.002979204	6.17E-06	7
246.796	461.601	11	45	52G7	0.002979204	6.17E-06	8
486.351	413.626	11	40	52G7	0.002647496	5.49E-06	9
189.566	300.005	11	45	52G7	0.002979204	6.17E-06	10
161.287	853.735	11	45	52G7	0.002979204	6.17E-06	11
82.148	76.923	11	40	52G7	0.002647496	5.49E-06	12
28.986	187.805	11	50	52G7	0.003311083	6.86E-06	13
71.7	171.521	11	45	52G7	0.002979204	6.17E-06	14
43.879	192.125	11	50	52G7	0.003311083	6.86E-06	15
46.938	152.283	11	50	52G7	0.003311083	6.86E-06	16
128.705	202.124	11	50	52G7	0.003311083	6.86E-06	17
246.728	146.111	11	50	52G7	0.003311083	6.86E-06	18
123.068	215.579	11	50	52G7	0.003311083	6.86E-06	19
1200.975	0.664	11	35	52G7	0.002315959	4.80E-06	20
1238.726	0	11	30	52G7	0.001984594	4.11E-06	21
1302.606	84.842	11	35	52G7	0.002315959	4.80E-06	22
1212.117	8.572	11	35	52G7	0.002315959	4.80E-06	23
894.455	0	11	30	52G7	0.001984594	4.11E-06	24
710.654	28.993	11	35	52G7	0.002315959	4.80E-06	25
736.207	111.33	11	40	52G7	0.002647496	5.49E-06	26
549.485	109.476	11	40	52G7	0.002647496	5.49E-06	27
475.557	96.968	11	40	52G7	0.002647496	5.49E-06	28
493.092	60.31	11	40	52G7	0.002647496	5.49E-06	29
625.798	287.209	11	45	52G7	0.002979204	6.17E-06	30
830.066	284.469	11	45	52G7	0.002979204	6.17E-06	31
810.854	496.036	11	45	52G7	0.002979204	6.17E-06	32
640.625	373.16	11	45	52G7	0.002979204	6.17E-06	33
746.853	191.867	11	45	52G7	0.002979204	6.17E-06	34
594.874	116.542	11	45	52G7	0.002979204	6.17E-06	35
732.621	131.905	11	45	52G7	0.002979204	6.17E-06	36
NA	NA	11	NA	52G7	482.4963942	0.999785317	37
9.613	173.177	12	50	52G8	0.003311083	3.89E-06	1
382.189	107.085	12	45	52G8	0.002979204	3.50E-06	2
21.69	194.551	12	45	52G8	0.002979204	3.50E-06	3
28.944	149.561	12	50	52G8	0.003311083	3.89E-06	4
17.038	98.229	12	50	52G8	0.003311083	3.89E-06	5
33.869	156.224	12	50	52G8	0.003311083	3.89E-06	6
194.739	169.167	12	50	52G8	0.003311083	3.89E-06	7
59.234	251.791	12	50	52G8	0.003311083	3.89E-06	8
34.522	379.052	12	45	52G8	0.002979204	3.50E-06	9
46.949	281.014	12	45	52G8	0.002979204	3.50E-06	10
442.421	264.462	12	50	52G8	0.003311083	3.89E-06	11
109.58	345.684	12	50	52G8	0.003311083	3.89E-06	12
189.488	445.837	12	50	52G8	0.003311083	3.89E-06	13
225.15	353.289	12	50	52G8	0.003311083	3.89E-06	14
412.682	252.993	12	50	52G8	0.003311083	3.89E-06	15
515.012	117.174	12	45	52G8	0.002979204	3.50E-06	16
688.212	72.733	12	45	52G8	0.002979204	3.50E-06	17
471.87	32.636	12	45	52G8	0.002979204	3.50E-06	18
589.075	63.751	12	45	52G8	0.002979204	3.50E-06	19
511.628	74.444	12	45	52G8	0.002979204	3.50E-06	20
1512.164	100.262	12	45	52G8	0.002979204	3.50E-06	21
520.545	185.188	12	40	52G8	0.002647496	3.11E-06	22
625.288	261.654	12	40	52G8	0.002647496	3.11E-06	23
232.131	218.378	12	40	52G8	0.002647496	3.11E-06	24
304.002	179.149	12	35	52G8	0.002315959	2.72E-06	25
225.635	112.468	12	35	52G8	0.002315959	2.72E-06	26
298.016	2.697	12	35	52G8	0.002315959	2.72E-06	27
192.87	0	12	30	52G8	0.001984594	2.33E-06	28
196.486	0	12	30	52G8	0.001984594	2.33E-06	29
331.749	0.739	12	35	52G8	0.002315959	2.72E-06	30
349.533	68.08	12	35	52G8	0.002315959	2.72E-06	31
301.026	0.971	12	35	52G8	0.002315959	2.72E-06	32
506.698	0	12	30	52G8	0.001984594	2.33E-06	33
394.06	0	12	30	52G8	0.001984594	2.33E-06	34
162.636	0	12	30	52G8	0.001984594	2.33E-06	35
530.473	58.967	12	35	52G8	0.002315959	2.72E-06	36
559.224	102.317	12	35	52G8	0.002315959	2.72E-06	37
648.514	73.995	12	35	52G8	0.002315959	2.72E-06	38
1038.001	0	12	30	52G8	0.001984594	2.33E-06	39
815.367	0.704	12	35	52G8	0.002315959	2.72E-06	40
422.831	0	12	30	52G8	0.001984594	2.33E-06	41
714.075	0	12	30	52G8	0.001984594	2.33E-06	42
515.08	0	12	30	52G8	0.001984594	2.33E-06	43
705.425	0	12	30	52G8	0.001984594	2.33E-06	44
515.533	0	12	30	52G8	0.001984594	2.33E-06	45
782.246	0	12	30	52G8	0.001984594	2.33E-06	46
609.634	28.978	12	35	52G8	0.002315959	2.72E-06	47
679.624	87.767	12	40	52G8	0.002647496	3.11E-06	48
642.097	44.706	12	40	52G8	0.002647496	3.11E-06	49
787.57	19.783	12	35	52G8	0.002315959	2.72E-06	50
785.442	61.421	12	40	52G8	0.002647496	3.11E-06	51
795.449	65.547	12	35	52G8	0.002315959	2.72E-06	52
556.344	75.314	12	40	52G8	0.002647496	3.11E-06	53
520.531	71.357	12	40	52G8	0.002647496	3.11E-06	54
749.435	110.891	12	35	52G8	0.002315959	2.72E-06	55
437.059	135.512	12	40	52G8	0.002647496	3.11E-06	56
722.017	124.96	12	40	52G8	0.002647496	3.11E-06	57
693.475	154.192	12	40	52G8	0.002647496	3.11E-06	58
628.887	160.261	12	40	52G8	0.002647496	3.11E-06	59
663.004	79.392	12	40	52G8	0.002647496	3.11E-06	60
513.732	49.939	12	35	52G8	0.002315959	2.72E-06	61
555.039	194.331	12	45	52G8	0.002979204	3.50E-06	62
632.362	106.559	12	40	52G8	0.002647496	3.11E-06	63
864.15	62.737	12	40	52G8	0.002647496	3.11E-06	64
625.837	150.138	12	40	52G8	0.002647496	3.11E-06	65
NA	NA	12	NA	52G8	851.8298924	0.999800343	66
190.58	107.441	13	45	52G9	0.002979204	3.50E-06	1
501.046	144.289	13	45	52G9	0.002979204	3.50E-06	2
142.653	277.192	13	45	52G9	0.002979204	3.50E-06	3
207.931	0	13	30	52G9	0.001984594	2.33E-06	4
431.79	0	13	30	52G9	0.001984594	2.33E-06	5
137.237	82.7	13	40	52G9	0.002647496	3.11E-06	6
111.588	45.656	13	50	52G9	0.003311083	3.89E-06	7
190.908	49.862	13	50	52G9	0.003311083	3.89E-06	8
163.16	43.953	13	45	52G9	0.002979204	3.50E-06	9
126.793	26.533	13	45	52G9	0.002979204	3.50E-06	10
87.433	25.098	13	45	52G9	0.002979204	3.50E-06	11
110.056	17.885	13	45	52G9	0.002979204	3.50E-06	12
233.978	35.653	13	40	52G9	0.002647496	3.11E-06	13
319.869	23.128	13	40	52G9	0.002647496	3.11E-06	14
264.339	47.313	13	40	52G9	0.002647496	3.11E-06	15
244.261	73.654	13	40	52G9	0.002647496	3.11E-06	16
291.774	58.044	13	40	52G9	0.002647496	3.11E-06	17
215.273	34.515	13	40	52G9	0.002647496	3.11E-06	18
262.709	28.909	13	40	52G9	0.002647496	3.11E-06	19
461.601	49.464	13	40	52G9	0.002647496	3.11E-06	20
405.781	50.407	13	40	52G9	0.002647496	3.11E-06	21
365.252	40.383	13	40	52G9	0.002647496	3.11E-06	22
289.196	46.469	13	40	52G9	0.002647496	3.11E-06	23
188.967	21.039	13	40	52G9	0.002647496	3.11E-06	24
372.752	76.285	13	40	52G9	0.002647496	3.11E-06	25
362.44	85.751	13	40	52G9	0.002647496	3.11E-06	26
258.879	77.774	13	40	52G9	0.002647496	3.11E-06	27
254.793	106.881	13	40	52G9	0.002647496	3.11E-06	28
304.616	123.137	13	40	52G9	0.002647496	3.11E-06	29
312.665	88.68	13	40	52G9	0.002647496	3.11E-06	30
430.466	73.827	13	45	52G9	0.002979204	3.50E-06	31
429.98	77.832	13	45	52G9	0.002979204	3.50E-06	32
252.996	62.831	13	45	52G9	0.002979204	3.50E-06	33
232.516	72.192	13	45	52G9	0.002979204	3.50E-06	34
120.12	16.728	13	45	52G9	0.002979204	3.50E-06	35
384.503	20.046	13	45	52G9	0.002979204	3.50E-06	36
229.848	49.176	13	50	52G9	0.003311083	3.89E-06	37
226.545	33.298	13	50	52G9	0.003311083	3.89E-06	38
283.647	22.792	13	50	52G9	0.003311083	3.89E-06	39
408.019	15.846	13	50	52G9	0.003311083	3.89E-06	40
441.446	15.861	13	50	52G9	0.003311083	3.89E-06	41
622.542	19.453	13	50	52G9	0.003311083	3.89E-06	42
242.881	10.909	13	50	52G9	0.003311083	3.89E-06	43
389.852	18.211	13	50	52G9	0.003311083	3.89E-06	44
261.944	11.574	13	50	52G9	0.003311083	3.89E-06	45
528.311	12.394	13	50	52G9	0.003311083	3.89E-06	46
204.378	13.543	13	50	52G9	0.003311083	3.89E-06	47
269.39	13.678	13	50	52G9	0.003311083	3.89E-06	48
263.456	11.734	13	50	52G9	0.003311083	3.89E-06	49
409.33	13.241	13	50	52G9	0.003311083	3.89E-06	50
252.026	14.573	13	50	52G9	0.003311083	3.89E-06	51
250.458	17.901	13	50	52G9	0.003311083	3.89E-06	52
304.497	23.354	13	50	52G9	0.003311083	3.89E-06	53
371.103	26.495	13	50	52G9	0.003311083	3.89E-06	54
323.553	25.471	13	50	52G9	0.003311083	3.89E-06	55
314.962	35.434	13	55	52G9	0.003643134	4.28E-06	56
356.017	33.485	13	60	52G9	0.003975356	4.67E-06	57
197.841	20.144	13	65	52G9	0.004307749	5.06E-06	58
322.892	16.847	13	65	52G9	0.004307749	5.06E-06	59
282.631	2.848	13	45	52G9	0.002979204	3.50E-06	60
212.026	3.518	13	45	52G9	0.002979204	3.50E-06	61
328.724	4.507	13	45	52G9	0.002979204	3.50E-06	62
359.618	5.863	13	45	52G9	0.002979204	3.50E-06	63
176.38	4.35	13	45	52G9	0.002979204	3.50E-06	64
195.083	3.341	13	45	52G9	0.002979204	3.50E-06	65
429.419	2.198	13	45	52G9	0.002979204	3.50E-06	66
276.35	4.399	13	45	52G9	0.002979204	3.50E-06	67
234.848	3.92	13	45	52G9	0.002979204	3.50E-06	68
524.771	7.789	13	45	52G9	0.002979204	3.50E-06	69
489.515	12.079	13	45	52G9	0.002979204	3.50E-06	70
309.399	22.425	13	45	52G9	0.002979204	3.50E-06	71
294.722	40.599	13	50	52G9	0.003311083	3.89E-06	72
270.07	36.489	13	55	52G9	0.003643134	4.28E-06	73
411.496	79.31	13	55	52G9	0.003643134	4.28E-06	74
322.719	80.915	13	55	52G9	0.003643134	4.28E-06	75
418.051	27.574	13	55	52G9	0.003643134	4.28E-06	76
591.985	144.485	13	45	52G9	0.002979204	3.50E-06	77
632.257	69.312	13	40	52G9	0.002647496	3.11E-06	78
428.85	48.989	13	40	52G9	0.002647496	3.11E-06	79
416.507	59.635	13	40	52G9	0.002647496	3.11E-06	80
324.115	64.017	13	40	52G9	0.002647496	3.11E-06	81
NA	NA	13	NA	52G9	851.7540288	0.999711301	82
151.502	25.202	14	60	52H0	0.003975356	4.67E-06	1
259.359	36.846	14	55	52H0	0.003643134	4.28E-06	2
195.311	146.078	14	80	52H0	0.005305956	6.23E-06	3
333.844	27.411	14	65	52H0	0.004307749	5.06E-06	4
243.979	14.856	14	70	52H0	0.004640313	5.45E-06	5
241.653	28.82	14	55	52H0	0.003643134	4.28E-06	6
197.774	36.606	14	60	52H0	0.003975356	4.67E-06	7
277.662	33.758	14	55	52H0	0.003643134	4.28E-06	8
376.301	52.633	14	55	52H0	0.003643134	4.28E-06	9
303.491	48.295	14	70	52H0	0.004640313	5.45E-06	10
242.859	45.454	14	60	52H0	0.003975356	4.67E-06	11
187.165	36.128	14	60	52H0	0.003975356	4.67E-06	12
181.58	34.799	14	65	52H0	0.004307749	5.06E-06	13
168.872	47.103	14	60	52H0	0.003975356	4.67E-06	14
369.545	57.783	14	70	52H0	0.004640313	5.45E-06	15
235.689	60.533	14	55	52H0	0.003643134	4.28E-06	16
310.753	57.754	14	65	52H0	0.004307749	5.06E-06	17
233.132	48.251	14	60	52H0	0.003975356	4.67E-06	18
280.395	46.5	14	65	52H0	0.004307749	5.06E-06	19
192.079	31.687	14	65	52H0	0.004307749	5.06E-06	20
131.87	35.199	14	65	52H0	0.004307749	5.06E-06	21
173.929	48.86	14	75	52H0	0.004973049	5.84E-06	22
140.826	46.011	14	65	52H0	0.004307749	5.06E-06	23
106.544	32.726	14	65	52H0	0.004307749	5.06E-06	24
104.952	46.836	14	75	52H0	0.004973049	5.84E-06	25
199.476	51.732	14	70	52H0	0.004640313	5.45E-06	26
77.329	61.926	14	70	52H0	0.004640313	5.45E-06	27
437.338	47.625	14	60	52H0	0.003975356	4.67E-06	28
155.901	36.186	14	65	52H0	0.004307749	5.06E-06	29
71.455	68.564	14	70	52H0	0.004640313	5.45E-06	30
44.904	117.963	14	70	52H0	0.004640313	5.45E-06	31
66.724	167.448	14	65	52H0	0.004307749	5.06E-06	32
74.22	232.529	14	40	52H0	0.002647496	3.11E-06	33
72.879	47.798	14	40	52H0	0.002647496	3.11E-06	34
789.409	50.887	14	40	52H0	0.002647496	3.11E-06	35
69.633	132.717	14	35	52H0	0.002315959	2.72E-06	36
35.545	17.268	14	35	52H0	0.002315959	2.72E-06	37
121.053	2.36	14	35	52H0	0.002315959	2.72E-06	38
923.296	0	14	30	52H0	0.001984594	2.33E-06	39
91.392	0	14	30	52H0	0.001984594	2.33E-06	40
222.905	0	14	30	52H0	0.001984594	2.33E-06	41
361.534	0	14	30	52H0	0.001984594	2.33E-06	42
660.385	0	14	30	52H0	0.001984594	2.33E-06	43
1059.19	40.665	14	40	52H0	0.002647496	3.11E-06	44
644.931	30.662	14	40	52H0	0.002647496	3.11E-06	45
344.715	17.364	14	45	52H0	0.002979204	3.50E-06	46
143.682	42.49	14	45	52H0	0.002979204	3.50E-06	47
308.292	66.745	14	45	52H0	0.002979204	3.50E-06	48
57.498	20.064	14	40	52H0	0.002647496	3.11E-06	49
77.406	91.478	14	45	52H0	0.002979204	3.50E-06	50
1.303	61.293	14	50	52H0	0.003311083	3.89E-06	51
113.354	91.025	14	40	52H0	0.002647496	3.11E-06	52
43.868	60.944	14	45	52H0	0.002979204	3.50E-06	53
37.645	167.163	14	50	52H0	0.003311083	3.89E-06	54
251.785	230.706	14	55	52H0	0.003643134	4.28E-06	55
67.343	280.707	14	45	52H0	0.002979204	3.50E-06	56
70.629	78.332	14	45	52H0	0.002979204	3.50E-06	57
21.635	51.977	14	45	52H0	0.002979204	3.50E-06	58
16.293	50.484	14	45	52H0	0.002979204	3.50E-06	59
31.752	58.543	14	45	52H0	0.002979204	3.50E-06	60
14.943	94.306	14	45	52H0	0.002979204	3.50E-06	61
10.06	137.971	14	50	52H0	0.003311083	3.89E-06	62
13.298	126.791	14	45	52H0	0.002979204	3.50E-06	63
192.115	153.667	14	45	52H0	0.002979204	3.50E-06	64
NA	NA	14	NA	52H0	851.7754358	0.999736427	65
432.203	0	15	25	52H1	0.0016534	6.27E-06	1
68.521	0	15	25	52H1	0.0016534	6.27E-06	2
1729.658	0	15	25	52H1	0.0016534	6.27E-06	3
141.916	0	15	25	52H1	0.0016534	6.27E-06	4
1946.031	0	15	25	52H1	0.0016534	6.27E-06	5
2628.358	0	15	30	52H1	0.001984594	7.52E-06	6
324.885	11.969	15	35	52H1	0.002315959	8.78E-06	7
NA	NA	15	NA	52H1	263.8874324	0.999952378	8
432.609	8.228	16	35	53G7	0.002315959	6.53E-06	1
234.545	17.65	16	40	53G7	0.002647496	7.47E-06	2
553.562	1.399	16	35	53G7	0.002315959	6.53E-06	3
848.024	34.23	16	45	53G7	0.002979204	8.40E-06	4
745.167	18.687	16	50	53G7	0.003311083	9.34E-06	5
669.277	33.373	16	45	53G7	0.002979204	8.40E-06	6
554.075	20.167	16	45	53G7	0.002979204	8.40E-06	7
624.098	14.727	16	45	53G7	0.002979204	8.40E-06	8
568.783	32.081	16	50	53G7	0.003311083	9.34E-06	9
528.902	50.879	16	60	53G7	0.003975356	1.12E-05	10
635.585	63.982	16	55	53G7	0.003643134	1.03E-05	11
721.577	60.71	16	50	53G7	0.003311083	9.34E-06	12
581.845	55.46	16	45	53G7	0.002979204	8.40E-06	13
189.992	52.991	16	45	53G7	0.002979204	8.40E-06	14
236.903	78.918	16	40	53G7	0.002647496	7.47E-06	15
72.033	46.035	16	40	53G7	0.002647496	7.47E-06	16
119.879	68.652	16	40	53G7	0.002647496	7.47E-06	17
665.784	29.526	16	45	53G7	0.002979204	8.40E-06	18
211.165	26.361	16	40	53G7	0.002647496	7.47E-06	19
118.098	50.419	16	40	53G7	0.002647496	7.47E-06	20
870.118	153.902	16	35	53G7	0.002315959	6.53E-06	21
1207.673	100.907	16	40	53G7	0.002647496	7.47E-06	22
25.681	175.297	16	45	53G7	0.002979204	8.40E-06	23
40.238	315.477	16	50	53G7	0.003311083	9.34E-06	24
45.415	56.191	16	45	53G7	0.002979204	8.40E-06	25
481.503	122.055	16	50	53G7	0.003311083	9.34E-06	26
979.252	198.578	16	55	53G7	0.003643134	1.03E-05	27
255.664	335.51	16	50	53G7	0.003311083	9.34E-06	28
NA	NA	16	NA	53G7	354.4165787	0.999764679	29
591.789	148.253	17	40	53G8	0.002647496	3.16E-06	1
657.99	48.65	17	35	53G8	0.002315959	2.76E-06	2
309.942	90.399	17	35	53G8	0.002315959	2.76E-06	3
69.734	10.737	17	35	53G8	0.002315959	2.76E-06	4
113.837	8.792	17	35	53G8	0.002315959	2.76E-06	5
1541.149	0	17	30	53G8	0.001984594	2.37E-06	6
365.634	0	17	30	53G8	0.001984594	2.37E-06	7
484.233	0	17	20	53G8	0.001322377	1.58E-06	8
832.761	0	17	25	53G8	0.0016534	1.97E-06	9
165.641	0	17	20	53G8	0.001322377	1.58E-06	10
180.022	0	17	30	53G8	0.001984594	2.37E-06	11
208.981	7.755	17	35	53G8	0.002315959	2.76E-06	12
158.805	283.713	17	35	53G8	0.002315959	2.76E-06	13
233.552	508.158	17	35	53G8	0.002315959	2.76E-06	14
50.389	196.411	17	35	53G8	0.002315959	2.76E-06	15
175.859	201.064	17	40	53G8	0.002647496	3.16E-06	16
80.668	176.617	17	40	53G8	0.002647496	3.16E-06	17
224.457	37.488	17	35	53G8	0.002315959	2.76E-06	18
256.727	163.136	17	40	53G8	0.002647496	3.16E-06	19
89.387	76.664	17	45	53G8	0.002979204	3.55E-06	20
364.311	1281.964	17	50	53G8	0.003311083	3.95E-06	21
739.357	278.128	17	50	53G8	0.003311083	3.95E-06	22
981.57	377.897	17	60	53G8	0.003975356	4.74E-06	23
228.645	269.942	17	60	53G8	0.003975356	4.74E-06	24
296.316	319.06	17	60	53G8	0.003975356	4.74E-06	25
36.639	281.236	17	60	53G8	0.003975356	4.74E-06	26
72.812	321.026	17	60	53G8	0.003975356	4.74E-06	27
85.787	470.745	17	60	53G8	0.003975356	4.74E-06	28
340.636	494.016	17	60	53G8	0.003975356	4.74E-06	29
161.469	345.405	17	60	53G8	0.003975356	4.74E-06	30
62.096	309.981	17	55	53G8	0.003643134	4.35E-06	31
370.183	298.356	17	45	53G8	0.002979204	3.55E-06	32
331.1	371.244	17	40	53G8	0.002647496	3.16E-06	33
204.029	371.913	17	45	53G8	0.002979204	3.55E-06	34
140.672	356.893	17	40	53G8	0.002647496	3.16E-06	35
141.257	277.352	17	40	53G8	0.002647496	3.16E-06	36
98.417	343.878	17	45	53G8	0.002979204	3.55E-06	37
142.282	401.723	17	50	53G8	0.003311083	3.95E-06	38
256.317	329.926	17	50	53G8	0.003311083	3.95E-06	39
285.265	248.154	17	50	53G8	0.003311083	3.95E-06	40
293.469	275.181	17	55	53G8	0.003643134	4.35E-06	41
414.477	438.965	17	55	53G8	0.003643134	4.35E-06	42
361.191	276.201	17	55	53G8	0.003643134	4.35E-06	43
169.158	252.545	17	55	53G8	0.003643134	4.35E-06	44
81.358	317.845	17	50	53G8	0.003311083	3.95E-06	45
203.552	140.276	17	50	53G8	0.003311083	3.95E-06	46
679.327	147.2	17	50	53G8	0.003311083	3.95E-06	47
1001.233	180.691	17	50	53G8	0.003311083	3.95E-06	48
141.612	248.548	17	50	53G8	0.003311083	3.95E-06	49
320.122	255.342	17	55	53G8	0.003643134	4.35E-06	50
308.184	174.493	17	55	53G8	0.003643134	4.35E-06	51
442.607	184.981	17	55	53G8	0.003643134	4.35E-06	52
369.558	199.264	17	50	53G8	0.003311083	3.95E-06	53
86.185	136.409	17	50	53G8	0.003311083	3.95E-06	54
749.794	229.806	17	50	53G8	0.003311083	3.95E-06	55
91.42	105.805	17	50	53G8	0.003311083	3.95E-06	56
113.978	130.597	17	50	53G8	0.003311083	3.95E-06	57
23.837	250.612	17	45	53G8	0.002979204	3.55E-06	58
5.969	149.548	17	45	53G8	0.002979204	3.55E-06	59
93.86	116.729	17	45	53G8	0.002979204	3.55E-06	60
NA	NA	17	NA	53G8	837.9189034	0.99978392	61
81.239	452.109	18	55	53G9	0.003643134	4.35E-06	1
106.088	381.755	18	55	53G9	0.003643134	4.35E-06	2
550.215	335.741	18	55	53G9	0.003643134	4.35E-06	3
744.284	442.763	18	60	53G9	0.003975356	4.74E-06	4
122.686	461.355	18	60	53G9	0.003975356	4.74E-06	5
360.99	297.857	18	60	53G9	0.003975356	4.74E-06	6
205.752	445.384	18	65	53G9	0.004307749	5.14E-06	7
157.238	412.484	18	65	53G9	0.004307749	5.14E-06	8
192.044	506.53	18	75	53G9	0.004973049	5.93E-06	9
239.4	430.319	18	60	53G9	0.003975356	4.74E-06	10
203.925	197.686	18	60	53G9	0.003975356	4.74E-06	11
110.223	251.279	18	55	53G9	0.003643134	4.35E-06	12
215.355	146.937	18	55	53G9	0.003643134	4.35E-06	13
651.049	105.737	18	55	53G9	0.003643134	4.35E-06	14
607.299	99.349	18	65	53G9	0.004307749	5.14E-06	15
402.66	107.165	18	70	53G9	0.004640313	5.54E-06	16
403.752	57.247	18	70	53G9	0.004640313	5.54E-06	17
209.901	33.583	18	65	53G9	0.004307749	5.14E-06	18
240.084	21.676	18	65	53G9	0.004307749	5.14E-06	19
286.788	28.049	18	60	53G9	0.003975356	4.74E-06	20
274.606	33.558	18	65	53G9	0.004307749	5.14E-06	21
234.482	24.502	18	70	53G9	0.004640313	5.54E-06	22
261.876	36.456	18	70	53G9	0.004640313	5.54E-06	23
251.779	32.758	18	70	53G9	0.004640313	5.54E-06	24
210.728	39.587	18	70	53G9	0.004640313	5.54E-06	25
176.203	36.233	18	60	53G9	0.003975356	4.74E-06	26
124.478	21.428	18	60	53G9	0.003975356	4.74E-06	27
138.184	23.284	18	60	53G9	0.003975356	4.74E-06	28
158.714	29.978	18	55	53G9	0.003643134	4.35E-06	29
151.649	41.982	18	70	53G9	0.004640313	5.54E-06	30
194.429	40.574	18	55	53G9	0.003643134	4.35E-06	31
165.518	56.5	18	70	53G9	0.004640313	5.54E-06	32
192.053	29.913	18	65	53G9	0.004307749	5.14E-06	33
179.181	58.172	18	60	53G9	0.003975356	4.74E-06	34
185.533	53.992	18	60	53G9	0.003975356	4.74E-06	35
174.276	70.502	18	55	53G9	0.003643134	4.35E-06	36
252.934	68.087	18	55	53G9	0.003643134	4.35E-06	37
298.396	134.449	18	60	53G9	0.003975356	4.74E-06	38
177.736	92.591	18	55	53G9	0.003643134	4.35E-06	39
173.792	58.421	18	50	53G9	0.003311083	3.95E-06	40
252.365	140.799	18	50	53G9	0.003311083	3.95E-06	41
212.894	151.796	18	45	53G9	0.002979204	3.55E-06	42
279.914	260.013	18	40	53G9	0.002647496	3.16E-06	43
476.704	168.971	18	40	53G9	0.002647496	3.16E-06	44
425.018	217.179	18	40	53G9	0.002647496	3.16E-06	45
373.614	126.257	18	40	53G9	0.002647496	3.16E-06	46
278.921	208.269	18	40	53G9	0.002647496	3.16E-06	47
408.866	196.501	18	45	53G9	0.002979204	3.55E-06	48
385.79	201.2	18	45	53G9	0.002979204	3.55E-06	49
273.767	294.795	18	40	53G9	0.002647496	3.16E-06	50
346.628	328.149	18	45	53G9	0.002979204	3.55E-06	51
282.969	356.827	18	45	53G9	0.002979204	3.55E-06	52
266.225	138.221	18	45	53G9	0.002979204	3.55E-06	53
229.2	84.545	18	45	53G9	0.002979204	3.55E-06	54
198.613	167.364	18	45	53G9	0.002979204	3.55E-06	55
883.418	182.042	18	50	53G9	0.003311083	3.95E-06	56
353.237	164.49	18	50	53G9	0.003311083	3.95E-06	57
349.765	112.282	18	50	53G9	0.003311083	3.95E-06	58
162.65	203.87	18	50	53G9	0.003311083	3.95E-06	59
171.833	275.353	18	50	53G9	0.003311083	3.95E-06	60
173.735	239.782	18	50	53G9	0.003311083	3.95E-06	61
241.127	264.007	18	50	53G9	0.003311083	3.95E-06	62
273.521	387.725	18	50	53G9	0.003311083	3.95E-06	63
NA	NA	18	NA	53G9	837.867142	0.99972216	64
127.871	19.485	19	55	53H0	0.003643134	4.35E-06	1
92.874	12.218	19	55	53H0	0.003643134	4.35E-06	2
171.247	15.835	19	60	53H0	0.003975356	4.74E-06	3
180.565	6.79	19	50	53H0	0.003311083	3.95E-06	4
101.1	8.027	19	50	53H0	0.003311083	3.95E-06	5
51.854	6.966	19	60	53H0	0.003975356	4.74E-06	6
97.264	14.975	19	65	53H0	0.004307749	5.14E-06	7
120.212	14.123	19	50	53H0	0.003311083	3.95E-06	8
26.705	30.214	19	50	53H0	0.003311083	3.95E-06	9
38.186	12.676	19	50	53H0	0.003311083	3.95E-06	10
50.21	5.394	19	45	53H0	0.002979204	3.55E-06	11
57.07	5.388	19	50	53H0	0.003311083	3.95E-06	12
88.321	14.707	19	50	53H0	0.003311083	3.95E-06	13
131.542	9.476	19	40	53H0	0.002647496	3.16E-06	14
50.165	10.001	19	40	53H0	0.002647496	3.16E-06	15
134.899	15.097	19	40	53H0	0.002647496	3.16E-06	16
137.438	9.507	19	40	53H0	0.002647496	3.16E-06	17
161.273	18.387	19	35	53H0	0.002315959	2.76E-06	18
284.136	7.058	19	35	53H0	0.002315959	2.76E-06	19
221.564	4.155	19	35	53H0	0.002315959	2.76E-06	20
239.59	2.937	19	35	53H0	0.002315959	2.76E-06	21
330.531	36.181	19	35	53H0	0.002315959	2.76E-06	22
377.909	35.081	19	40	53H0	0.002647496	3.16E-06	23
300.717	36.651	19	40	53H0	0.002647496	3.16E-06	24
190.459	29.802	19	40	53H0	0.002647496	3.16E-06	25
77.094	23.622	19	45	53H0	0.002979204	3.55E-06	26
58.656	4.602	19	40	53H0	0.002647496	3.16E-06	27
59.04	4.884	19	40	53H0	0.002647496	3.16E-06	28
33.838	1.989	19	40	53H0	0.002647496	3.16E-06	29
64.27	3.935	19	40	53H0	0.002647496	3.16E-06	30
138.305	11.17	19	40	53H0	0.002647496	3.16E-06	31
183.714	12.17	19	40	53H0	0.002647496	3.16E-06	32
553.408	8.291	19	40	53H0	0.002647496	3.16E-06	33
239.541	9.337	19	40	53H0	0.002647496	3.16E-06	34
161.947	23.357	19	40	53H0	0.002647496	3.16E-06	35
188.947	27.365	19	40	53H0	0.002647496	3.16E-06	36
462.521	14.738	19	40	53H0	0.002647496	3.16E-06	37
325.98	14.93	19	45	53H0	0.002979204	3.55E-06	38
103.079	4.656	19	50	53H0	0.003311083	3.95E-06	39
197.048	4.805	19	50	53H0	0.003311083	3.95E-06	40
101.906	14.816	19	50	53H0	0.003311083	3.95E-06	41
149.975	11.14	19	50	53H0	0.003311083	3.95E-06	42
87.45	17.975	19	55	53H0	0.003643134	4.35E-06	43
234.104	9.59	19	60	53H0	0.003975356	4.74E-06	44
172.397	13.012	19	60	53H0	0.003975356	4.74E-06	45
251.623	16.207	19	60	53H0	0.003975356	4.74E-06	46
107.713	15.467	19	55	53H0	0.003643134	4.35E-06	47
146.627	18.698	19	55	53H0	0.003643134	4.35E-06	48
94.298	17.06	19	55	53H0	0.003643134	4.35E-06	49
128.324	19.649	19	60	53H0	0.003975356	4.74E-06	50
208.697	22.754	19	60	53H0	0.003975356	4.74E-06	51
241.162	35.141	19	75	53H0	0.004973049	5.93E-06	52
221.244	39.8	19	80	53H0	0.005305956	6.33E-06	53
119.608	32.121	19	55	53H0	0.003643134	4.35E-06	54
130.075	23.831	19	55	53H0	0.003643134	4.35E-06	55
33.882	188.961	19	65	53H0	0.004307749	5.14E-06	56
84.317	168.663	19	60	53H0	0.003975356	4.74E-06	57
22.456	127.949	19	60	53H0	0.003975356	4.74E-06	58
27.198	140.315	19	60	53H0	0.003975356	4.74E-06	59
46.006	189.379	19	60	53H0	0.003975356	4.74E-06	60
147.108	123.407	19	60	53H0	0.003975356	4.74E-06	61
123.82	174.081	19	55	53H0	0.003643134	4.35E-06	62
73.405	114.058	19	60	53H0	0.003975356	4.74E-06	63
19.482	140.159	19	60	53H0	0.003975356	4.74E-06	64
26.487	108.652	19	60	53H0	0.003975356	4.74E-06	65
35.717	108.333	19	55	53H0	0.003643134	4.35E-06	66
66.608	117.184	19	55	53H0	0.003643134	4.35E-06	67
356.399	130.017	19	55	53H0	0.003643134	4.35E-06	68
77.919	97.643	19	55	53H0	0.003643134	4.35E-06	69
38.872	91.92	19	50	53H0	0.003311083	3.95E-06	70
25.052	92.058	19	50	53H0	0.003311083	3.95E-06	71
76.488	70.868	19	50	53H0	0.003311083	3.95E-06	72
30.985	25.598	19	50	53H0	0.003311083	3.95E-06	73
38.3	34.762	19	45	53H0	0.002979204	3.55E-06	74
190.309	37.26	19	45	53H0	0.002979204	3.55E-06	75
55.172	47.73	19	45	53H0	0.002979204	3.55E-06	76
716.871	30.783	19	45	53H0	0.002979204	3.55E-06	77
37.616	32.697	19	45	53H0	0.002979204	3.55E-06	78
124.424	44.908	19	40	53H0	0.002647496	3.16E-06	79
84.528	63.342	19	40	53H0	0.002647496	3.16E-06	80
NA	NA	19	NA	53H0	837.8360848	0.999685103	81
NA	NA	20	NA	53H1	126.59998	0.999999842	1
NA	NA	20	NA	53H1	1.00E-05	7.90E-08	2
NA	NA	20	NA	53H1	1.00E-05	7.90E-08	3
NA	NA	21	NA	54G7	13.19998	0.999998485	1
NA	NA	21	NA	54G7	1.00E-05	7.58E-07	2
NA	NA	21	NA	54G7	1.00E-05	7.58E-07	3
525.59	59.998	22	40	54G8	0.002647496	4.12E-06	1
635.279	76.27	22	35	54G8	0.002315959	3.61E-06	2
456.036	0	22	30	54G8	0.001984594	3.09E-06	3
679.685	0	22	30	54G8	0.001984594	3.09E-06	4
871.299	14.583	22	40	54G8	0.002647496	4.12E-06	5
1145.212	157.854	22	40	54G8	0.002647496	4.12E-06	6
1475.894	310.961	22	45	54G8	0.002979204	4.64E-06	7
1005.262	86.97	22	50	54G8	0.003311083	5.16E-06	8
646.315	172.501	22	65	54G8	0.004307749	6.71E-06	9
462.782	243.002	22	60	54G8	0.003975356	6.19E-06	10
254.774	74.415	22	75	54G8	0.004973049	7.74E-06	11
356.046	41.886	22	60	54G8	0.003975356	6.19E-06	12
427.493	41.653	22	60	54G8	0.003975356	6.19E-06	13
371.52	61.18	22	60	54G8	0.003975356	6.19E-06	14
373.886	56.735	22	65	54G8	0.004307749	6.71E-06	15
1016.731	54.848	22	65	54G8	0.004307749	6.71E-06	16
630.883	58.445	22	70	54G8	0.004640313	7.23E-06	17
319.193	33.386	22	65	54G8	0.004307749	6.71E-06	18
392.329	18.459	22	65	54G8	0.004307749	6.71E-06	19
221.047	13.878	22	65	54G8	0.004307749	6.71E-06	20
210.253	35.502	22	65	54G8	0.004307749	6.71E-06	21
253.519	27.04	22	55	54G8	0.003643134	5.67E-06	22
389.219	45.067	22	60	54G8	0.003975356	6.19E-06	23
262.075	61.365	22	65	54G8	0.004307749	6.71E-06	24
239.647	49.686	22	60	54G8	0.003975356	6.19E-06	25
242.309	55.552	22	55	54G8	0.003643134	5.67E-06	26
269.199	59.988	22	65	54G8	0.004307749	6.71E-06	27
164.64	70.489	22	60	54G8	0.003975356	6.19E-06	28
104.413	85.524	22	60	54G8	0.003975356	6.19E-06	29
83.361	85.181	22	60	54G8	0.003975356	6.19E-06	30
49.277	112.119	22	55	54G8	0.003643134	5.67E-06	31
44.753	80.292	22	85	54G8	0.005639035	8.78E-06	32
68.98	92.91	22	60	54G8	0.003975356	6.19E-06	33
245.678	106.518	22	90	54G8	0.005972285	9.30E-06	34
28.922	108.652	22	75	54G8	0.004973049	7.74E-06	35
43.628	44.384	22	80	54G8	0.005305956	8.26E-06	36
122.033	118.803	22	75	54G8	0.004973049	7.74E-06	37
62.216	171.051	22	65	54G8	0.004307749	6.71E-06	38
41.891	215.584	22	65	54G8	0.004307749	6.71E-06	39
65.607	205.885	22	70	54G8	0.004640313	7.23E-06	40
170.337	259.185	22	70	54G8	0.004640313	7.23E-06	41
185.143	248.96	22	70	54G8	0.004640313	7.23E-06	42
35.041	249.571	22	70	54G8	0.004640313	7.23E-06	43
6.916	177.284	22	65	54G8	0.004307749	6.71E-06	44
20.385	187.363	22	65	54G8	0.004307749	6.71E-06	45
55.713	198.689	22	75	54G8	0.004973049	7.74E-06	46
646.525	121.862	22	70	54G8	0.004640313	7.23E-06	47
293.006	220.254	22	70	54G8	0.004640313	7.23E-06	48
513.888	236.02	22	60	54G8	0.003975356	6.19E-06	49
138.502	278.156	22	55	54G8	0.003643134	5.67E-06	50
89.849	208.895	22	55	54G8	0.003643134	5.67E-06	51
369.334	185.366	22	55	54G8	0.003643134	5.67E-06	52
114.852	100.654	22	45	54G8	0.002979204	4.64E-06	53
74.82	53.298	22	40	54G8	0.002647496	4.12E-06	54
346.093	13.549	22	35	54G8	0.002315959	3.61E-06	55
327.79	0	22	20	54G8	0.001322377	2.06E-06	56
41.162	0	22	25	54G8	0.0016534	2.57E-06	57
NA	NA	22	NA	54G8	641.9776835	0.999653821	58
92.295	157.524	23	95	54G9	0.006305706	7.65E-06	1
343.437	18.548	23	55	54G9	0.003643134	4.42E-06	2
187.581	9.448	23	60	54G9	0.003975356	4.82E-06	3
354.834	21.156	23	60	54G9	0.003975356	4.82E-06	4
338.928	17.95	23	60	54G9	0.003975356	4.82E-06	5
308.021	24.593	23	65	54G9	0.004307749	5.23E-06	6
356.048	20.191	23	65	54G9	0.004307749	5.23E-06	7
257.449	18.743	23	65	54G9	0.004307749	5.23E-06	8
278.822	21.054	23	60	54G9	0.003975356	4.82E-06	9
134.554	23.826	23	60	54G9	0.003975356	4.82E-06	10
257.182	22.108	23	60	54G9	0.003975356	4.82E-06	11
201.933	24.688	23	60	54G9	0.003975356	4.82E-06	12
74.967	16.906	23	60	54G9	0.003975356	4.82E-06	13
110.812	14.373	23	60	54G9	0.003975356	4.82E-06	14
165.962	17.498	23	55	54G9	0.003643134	4.42E-06	15
161.375	9.654	23	55	54G9	0.003643134	4.42E-06	16
249.145	8.427	23	55	54G9	0.003643134	4.42E-06	17
215.285	9.23	23	55	54G9	0.003643134	4.42E-06	18
201.271	7.366	23	55	54G9	0.003643134	4.42E-06	19
289.228	47.44	23	120	54G9	0.007975381	9.68E-06	20
478.513	39.91	23	70	54G9	0.004640313	5.63E-06	21
259.526	24.841	23	70	54G9	0.004640313	5.63E-06	22
246.998	28.785	23	70	54G9	0.004640313	5.63E-06	23
270.23	35.755	23	70	54G9	0.004640313	5.63E-06	24
342.43	25.825	23	70	54G9	0.004640313	5.63E-06	25
280.445	47.384	23	65	54G9	0.004307749	5.23E-06	26
203.343	66.138	23	60	54G9	0.003975356	4.82E-06	27
287.856	67.221	23	60	54G9	0.003975356	4.82E-06	28
251.372	60.992	23	70	54G9	0.004640313	5.63E-06	29
361.853	79.59	23	70	54G9	0.004640313	5.63E-06	30
291.177	76.795	23	70	54G9	0.004640313	5.63E-06	31
268.015	54.694	23	75	54G9	0.004973049	6.03E-06	32
330.032	80.688	23	65	54G9	0.004307749	5.23E-06	33
388.76	80.87	23	60	54G9	0.003975356	4.82E-06	34
347.635	76.8	23	65	54G9	0.004307749	5.23E-06	35
327.978	84.404	23	60	54G9	0.003975356	4.82E-06	36
304.651	73.792	23	60	54G9	0.003975356	4.82E-06	37
300.128	77.648	23	60	54G9	0.003975356	4.82E-06	38
215.534	117.212	23	60	54G9	0.003975356	4.82E-06	39
247.578	144.788	23	60	54G9	0.003975356	4.82E-06	40
173.081	105.279	23	60	54G9	0.003975356	4.82E-06	41
119.971	117.702	23	55	54G9	0.003643134	4.42E-06	42
185.25	107.466	23	90	54G9	0.005972285	7.25E-06	43
153.924	117.857	23	65	54G9	0.004307749	5.23E-06	44
123.721	108.868	23	60	54G9	0.003975356	4.82E-06	45
524.088	145.464	23	70	54G9	0.004640313	5.63E-06	46
43.754	139.814	23	65	54G9	0.004307749	5.23E-06	47
76.344	157.599	23	65	54G9	0.004307749	5.23E-06	48
13.178	214.795	23	65	54G9	0.004307749	5.23E-06	49
NA	NA	23	NA	54G9	823.9888996	0.999743872	50
581.781	13.525	24	45	54H0	0.002979204	4.09E-06	1
134.328	14.547	24	45	54H0	0.002979204	4.09E-06	2
670.526	58.331	24	45	54H0	0.002979204	4.09E-06	3
217.471	78.763	24	45	54H0	0.002979204	4.09E-06	4
241.74	33.823	24	50	54H0	0.003311083	4.55E-06	5
545.441	2.283	24	35	54H0	0.002315959	3.18E-06	6
153.048	0	24	30	54H0	0.001984594	2.73E-06	7
1036.795	8.509	24	40	54H0	0.002647496	3.64E-06	8
238.941	35.014	24	45	54H0	0.002979204	4.09E-06	9
249.168	116.029	24	45	54H0	0.002979204	4.09E-06	10
424.525	57.159	24	45	54H0	0.002979204	4.09E-06	11
304.532	61.102	24	45	54H0	0.002979204	4.09E-06	12
553.88	61.046	24	45	54H0	0.002979204	4.09E-06	13
496.567	21.938	24	45	54H0	0.002979204	4.09E-06	14
633.205	9.176	24	35	54H0	0.002315959	3.18E-06	15
181.663	1170.234	24	40	54H0	0.002647496	3.64E-06	16
624.77	47.888	24	45	54H0	0.002979204	4.09E-06	17
385.921	59.169	24	50	54H0	0.003311083	4.55E-06	18
482.52	41.108	24	50	54H0	0.003311083	4.55E-06	19
502.352	37.159	24	45	54H0	0.002979204	4.09E-06	20
364.3	25.481	24	50	54H0	0.003311083	4.55E-06	21
195.572	7.21	24	50	54H0	0.003311083	4.55E-06	22
235.112	5.532	24	50	54H0	0.003311083	4.55E-06	23
260.804	7.299	24	50	54H0	0.003311083	4.55E-06	24
196.906	7.903	24	45	54H0	0.002979204	4.09E-06	25
127.296	18.687	24	45	54H0	0.002979204	4.09E-06	26
266.012	36.691	24	45	54H0	0.002979204	4.09E-06	27
197.267	38.559	24	45	54H0	0.002979204	4.09E-06	28
88.794	15.146	24	45	54H0	0.002979204	4.09E-06	29
133.19	14.132	24	50	54H0	0.003311083	4.55E-06	30
194.479	44.687	24	45	54H0	0.002979204	4.09E-06	31
221.299	27.117	24	45	54H0	0.002979204	4.09E-06	32
269.033	2.729	24	35	54H0	0.002315959	3.18E-06	33
493.74	2.534	24	35	54H0	0.002315959	3.18E-06	34
287.449	0	24	30	54H0	0.001984594	2.73E-06	35
254.586	0	24	30	54H0	0.001984594	2.73E-06	36
252.312	0	24	30	54H0	0.001984594	2.73E-06	37
491.72	0	24	30	54H0	0.001984594	2.73E-06	38
535.555	0	24	30	54H0	0.001984594	2.73E-06	39
515.412	0	24	25	54H0	0.0016534	2.27E-06	40
590.268	0	24	20	54H0	0.001322377	1.82E-06	41
639.816	0	24	20	54H0	0.001322377	1.82E-06	42
480.931	0	24	25	54H0	0.0016534	2.27E-06	43
677.282	0	24	25	54H0	0.0016534	2.27E-06	44
561.052	0	24	25	54H0	0.0016534	2.27E-06	45
202.982	0	24	20	54H0	0.001322377	1.82E-06	46
412.089	0	24	25	54H0	0.0016534	2.27E-06	47
855.243	0	24	30	54H0	0.001984594	2.73E-06	48
414.413	0	24	25	54H0	0.0016534	2.27E-06	49
651.18	0	24	25	54H0	0.0016534	2.27E-06	50
500.323	0	24	30	54H0	0.001984594	2.73E-06	51
413.575	0	24	30	54H0	0.001984594	2.73E-06	52
490.776	0	24	30	54H0	0.001984594	2.73E-06	53
222.631	0	24	30	54H0	0.001984594	2.73E-06	54
384.675	1.93	24	35	54H0	0.002315959	3.18E-06	55
414.54	12.835	24	35	54H0	0.002315959	3.18E-06	56
363.044	57.65	24	40	54H0	0.002647496	3.64E-06	57
278.734	1.964	24	35	54H0	0.002315959	3.18E-06	58
500.016	20.578	24	35	54H0	0.002315959	3.18E-06	59
231.189	24.761	24	50	54H0	0.003311083	4.55E-06	60
125.576	14.953	24	45	54H0	0.002979204	4.09E-06	61
125.212	5.463	24	50	54H0	0.003311083	4.55E-06	62
123.386	7.095	24	50	54H0	0.003311083	4.55E-06	63
127.904	6.217	24	50	54H0	0.003311083	4.55E-06	64
349.923	16.831	24	55	54H0	0.003643134	5.00E-06	65
286.138	22.293	24	55	54H0	0.003643134	5.00E-06	66
482.245	40.451	24	55	54H0	0.003643134	5.00E-06	67
399.567	48.368	24	45	54H0	0.002979204	4.09E-06	68
241.249	96.883	24	95	54H0	0.006305706	8.66E-06	69
NA	NA	24	NA	54H0	727.716627	0.999748079	70
NA	NA	25	NA	55G8	103.59998	0.999999807	1
NA	NA	25	NA	55G8	1.00E-05	9.65E-08	2
NA	NA	25	NA	55G8	1.00E-05	9.65E-08	3
168.093	116.515	26	60	55G9	0.003975356	6.35E-06	1
361.145	174.23	26	55	55G9	0.003643134	5.82E-06	2
307.847	140.939	26	60	55G9	0.003975356	6.35E-06	3
617.619	133.656	26	60	55G9	0.003975356	6.35E-06	4
319.866	180.425	26	60	55G9	0.003975356	6.35E-06	5
541.077	217.238	26	65	55G9	0.004307749	6.89E-06	6
393.553	243.603	26	65	55G9	0.004307749	6.89E-06	7
199.076	287.752	26	85	55G9	0.005639035	9.01E-06	8
87.4	301.027	26	80	55G9	0.005305956	8.48E-06	9
97.986	215.149	26	65	55G9	0.004307749	6.89E-06	10
186.766	236.952	26	65	55G9	0.004307749	6.89E-06	11
487.409	338.929	26	65	55G9	0.004307749	6.89E-06	12
656.65	231.467	26	65	55G9	0.004307749	6.89E-06	13
257.747	139.567	26	60	55G9	0.003975356	6.35E-06	14
146.696	87.139	26	65	55G9	0.004307749	6.89E-06	15
212.659	58.008	26	65	55G9	0.004307749	6.89E-06	16
278.876	60.91	26	60	55G9	0.003975356	6.35E-06	17
311.812	38.85	26	60	55G9	0.003975356	6.35E-06	18
529.185	110.976	26	75	55G9	0.004973049	7.95E-06	19
188.336	160.4	26	80	55G9	0.005305956	8.48E-06	20
193.972	116.716	26	75	55G9	0.004973049	7.95E-06	21
238.559	98.658	26	85	55G9	0.005639035	9.01E-06	22
151.641	43.682	26	85	55G9	0.005639035	9.01E-06	23
127.059	62.143	26	70	55G9	0.004640313	7.42E-06	24
127.362	57.63	26	65	55G9	0.004307749	6.89E-06	25
149.518	58.177	26	65	55G9	0.004307749	6.89E-06	26
251.802	69.78	26	65	55G9	0.004307749	6.89E-06	27
109.246	111.372	26	55	55G9	0.003643134	5.82E-06	28
435.761	108.594	26	50	55G9	0.003311083	5.29E-06	29
233.526	68.742	26	50	55G9	0.003311083	5.29E-06	30
494.955	55.165	26	55	55G9	0.003643134	5.82E-06	31
180.335	136.92	26	65	55G9	0.004307749	6.89E-06	32
458.907	95.976	26	60	55G9	0.003975356	6.35E-06	33
NA	NA	26	NA	55G9	625.4568372	0.999771159	34
204.268	112.584	27	65	55H0	0.004307749	6.26E-06	1
53.16	106.766	27	65	55H0	0.004307749	6.26E-06	2
140.096	85.061	27	55	55H0	0.003643134	5.29E-06	3
132.94	88.051	27	55	55H0	0.003643134	5.29E-06	4
646.086	93.184	27	55	55H0	0.003643134	5.29E-06	5
658.189	102.929	27	55	55H0	0.003643134	5.29E-06	6
2675.191	97.427	27	60	55H0	0.003975356	5.77E-06	7
1283.26	46.956	27	60	55H0	0.003975356	5.77E-06	8
2909.641	60.456	27	60	55H0	0.003975356	5.77E-06	9
396.367	47.309	27	50	55H0	0.003311083	4.81E-06	10
145.565	189.181	27	50	55H0	0.003311083	4.81E-06	11
31.246	411.098	27	50	55H0	0.003311083	4.81E-06	12
58.714	363.825	27	45	55H0	0.002979204	4.33E-06	13
27.804	271.598	27	55	55H0	0.003643134	5.29E-06	14
178.097	167.926	27	50	55H0	0.003311083	4.81E-06	15
113.334	174.169	27	50	55H0	0.003311083	4.81E-06	16
223.752	73.533	27	45	55H0	0.002979204	4.33E-06	17
445.024	87.425	27	45	55H0	0.002979204	4.33E-06	18
399.701	126.106	27	45	55H0	0.002979204	4.33E-06	19
965.597	145.356	27	50	55H0	0.003311083	4.81E-06	20
1007.821	84.353	27	45	55H0	0.002979204	4.33E-06	21
240.197	112.334	27	45	55H0	0.002979204	4.33E-06	22
868.694	54.839	27	45	55H0	0.002979204	4.33E-06	23
385.643	103.403	27	50	55H0	0.003311083	4.81E-06	24
414.13	98.895	27	45	55H0	0.002979204	4.33E-06	25
382.61	72.469	27	45	55H0	0.002979204	4.33E-06	26
217.691	69.452	27	45	55H0	0.002979204	4.33E-06	27
407.622	21.223	27	40	55H0	0.002647496	3.84E-06	28
494.08	12.601	27	40	55H0	0.002647496	3.84E-06	29
NA	NA	27	NA	55H0	688.5029782	0.999859103	30
NA	NA	28	NA	55H1	86.69998	0.999999769	1
NA	NA	28	NA	55H1	1.00E-05	1.15E-07	2
NA	NA	28	NA	55H1	1.00E-05	1.15E-07	3
