ch1	ch2	Rec	meanD	Rec2	Ae	pA	LOG
571.319	18.039	1	35	50G7	0.002315959	5.75E-06	1
739.512	0	1	30	50G7	0.001984594	4.92E-06	2
683.347	0	1	30	50G7	0.001984594	4.92E-06	3
543.688	0	1	30	50G7	0.001984594	4.92E-06	4
677.365	0	1	30	50G7	0.001984594	4.92E-06	5
370.966	0	1	30	50G7	0.001984594	4.92E-06	6
271.151	0	1	30	50G7	0.001984594	4.92E-06	7
287.029	15.314	1	35	50G7	0.002315959	5.75E-06	8
329.483	13.619	1	35	50G7	0.002315959	5.75E-06	9
535.63	32.839	1	40	50G7	0.002647496	6.57E-06	10
350.572	27.275	1	40	50G7	0.002647496	6.57E-06	11
284.498	22.789	1	35	50G7	0.002315959	5.75E-06	12
360.049	6.793	1	35	50G7	0.002315959	5.75E-06	13
NA	NA	1	NA	50G7	403.0712176	0.999928597	14
443.082	6.34	2	35	50G8	0.002315959	2.78E-06	1
373.325	9.48	2	35	50G8	0.002315959	2.78E-06	2
322.489	6.498	2	35	50G8	0.002315959	2.78E-06	3
541.507	10.298	2	35	50G8	0.002315959	2.78E-06	4
567.298	6.479	2	35	50G8	0.002315959	2.78E-06	5
498.931	18.604	2	35	50G8	0.002315959	2.78E-06	6
423.029	9.634	2	35	50G8	0.002315959	2.78E-06	7
333.1	7.49	2	35	50G8	0.002315959	2.78E-06	8
516.52	9.093	2	35	50G8	0.002315959	2.78E-06	9
787.785	10.447	2	35	50G8	0.002315959	2.78E-06	10
823.718	1.889	2	35	50G8	0.002315959	2.78E-06	11
944.068	0	2	30	50G8	0.001984594	2.38E-06	12
577.757	0	2	25	50G8	0.0016534	1.98E-06	13
523.944	0	2	25	50G8	0.0016534	1.98E-06	14
614.916	0	2	30	50G8	0.001984594	2.38E-06	15
772.503	0	2	30	50G8	0.001984594	2.38E-06	16
4.743	217.573	2	50	50G8	0.003311083	3.97E-06	17
12.746	278.551	2	55	50G8	0.003643134	4.37E-06	18
10.002	52.151	2	45	50G8	0.002979204	3.57E-06	19
1.636	79.519	2	40	50G8	0.002647496	3.18E-06	20
12.44	103.478	2	45	50G8	0.002979204	3.57E-06	21
0	140.747	2	65	50G8	0.004307749	5.17E-06	22
1.421	62.871	2	45	50G8	0.002979204	3.57E-06	23
3.081	54.036	2	50	50G8	0.003311083	3.97E-06	24
7.89	67.436	2	45	50G8	0.002979204	3.57E-06	25
161.638	61.557	2	45	50G8	0.002979204	3.57E-06	26
145.033	70.516	2	45	50G8	0.002979204	3.57E-06	27
4.395	91.514	2	45	50G8	0.002979204	3.57E-06	28
53.646	174.686	2	40	50G8	0.002647496	3.18E-06	29
2.876	23.963	2	55	50G8	0.003643134	4.37E-06	30
1.307	32.92	2	55	50G8	0.003643134	4.37E-06	31
1.835	152.035	2	55	50G8	0.003643134	4.37E-06	32
19.375	106.002	2	45	50G8	0.002979204	3.57E-06	33
3.139	116.587	2	45	50G8	0.002979204	3.57E-06	34
23.902	67.348	2	45	50G8	0.002979204	3.57E-06	35
3.14	52.117	2	45	50G8	0.002979204	3.57E-06	36
38.724	34.187	2	50	50G8	0.003311083	3.97E-06	37
0.625	27.166	2	55	50G8	0.003643134	4.37E-06	38
115.7	37.705	2	50	50G8	0.003311083	3.97E-06	39
7.374	58.332	2	60	50G8	0.003975356	4.77E-06	40
32.665	76.456	2	60	50G8	0.003975356	4.77E-06	41
257.688	8.489	2	60	50G8	0.003975356	4.77E-06	42
643.593	33.073	2	50	50G8	0.003311083	3.97E-06	43
1186.912	54.854	2	45	50G8	0.002979204	3.57E-06	44
1136.659	12.075	2	35	50G8	0.002315959	2.78E-06	45
895.936	0	2	30	50G8	0.001984594	2.38E-06	46
769.793	0	2	30	50G8	0.001984594	2.38E-06	47
555.656	39.423	2	40	50G8	0.002647496	3.18E-06	48
733.665	6.076	2	35	50G8	0.002315959	2.78E-06	49
778.247	0	2	25	50G8	0.0016534	1.98E-06	50
703.323	0	2	30	50G8	0.001984594	2.38E-06	51
677.041	7.837	2	35	50G8	0.002315959	2.78E-06	52
493.195	0.828	2	35	50G8	0.002315959	2.78E-06	53
251.423	0	2	30	50G8	0.001984594	2.38E-06	54
314.475	0	2	30	50G8	0.001984594	2.38E-06	55
342.085	0	2	30	50G8	0.001984594	2.38E-06	56
329.991	0	2	30	50G8	0.001984594	2.38E-06	57
392.105	0	2	30	50G8	0.001984594	2.38E-06	58
387.556	0	2	30	50G8	0.001984594	2.38E-06	59
465.251	8.328	2	35	50G8	0.002315959	2.78E-06	60
514.228	0.726	2	35	50G8	0.002315959	2.78E-06	61
447.262	28.649	2	40	50G8	0.002647496	3.18E-06	62
518.827	0	2	30	50G8	0.001984594	2.38E-06	63
729.61	9.502	2	40	50G8	0.002647496	3.18E-06	64
1129.135	0	2	30	50G8	0.001984594	2.38E-06	65
986.917	0.672	2	35	50G8	0.002315959	2.78E-06	66
646.987	6.382	2	35	50G8	0.002315959	2.78E-06	67
513.533	67.25	2	50	50G8	0.003311083	3.97E-06	68
270.06	34.628	2	65	50G8	0.004307749	5.17E-06	69
162.411	279.5	2	70	50G8	0.004640313	5.57E-06	70
59.826	89.211	2	65	50G8	0.004307749	5.17E-06	71
14.564	108.433	2	55	50G8	0.003643134	4.37E-06	72
NA	NA	2	NA	50G8	833.2030494	0.999763678	73
262.198	1.605	3	55	50G9	0.003643134	4.14E-06	1
212.088	2.65	3	55	50G9	0.003643134	4.14E-06	2
154.747	2.406	3	60	50G9	0.003975356	4.52E-06	3
200.369	7.314	3	50	50G9	0.003311083	3.76E-06	4
250.233	0	3	30	50G9	0.001984594	2.26E-06	5
397.015	1.836	3	50	50G9	0.003311083	3.76E-06	6
267.265	5.823	3	55	50G9	0.003643134	4.14E-06	7
330.073	13.705	3	70	50G9	0.004640313	5.28E-06	8
355.69	20.874	3	70	50G9	0.004640313	5.28E-06	9
293.192	18.545	3	70	50G9	0.004640313	5.28E-06	10
3.753	97.738	3	65	50G9	0.004307749	4.90E-06	11
48.022	110.828	3	60	50G9	0.003975356	4.52E-06	12
14.479	92.406	3	60	50G9	0.003975356	4.52E-06	13
270.347	101.948	3	60	50G9	0.003975356	4.52E-06	14
1.798	117.021	3	60	50G9	0.003975356	4.52E-06	15
13.644	79.37	3	60	50G9	0.003975356	4.52E-06	16
70.199	112.546	3	60	50G9	0.003975356	4.52E-06	17
529.665	138.15	3	60	50G9	0.003975356	4.52E-06	18
1046.223	195.728	3	60	50G9	0.003975356	4.52E-06	19
500.293	167.814	3	60	50G9	0.003975356	4.52E-06	20
21.874	286.651	3	60	50G9	0.003975356	4.52E-06	21
14.532	159.208	3	60	50G9	0.003975356	4.52E-06	22
9.768	152.261	3	60	50G9	0.003975356	4.52E-06	23
6.205	121.247	3	60	50G9	0.003975356	4.52E-06	24
7.173	98.826	3	65	50G9	0.004307749	4.90E-06	25
65.194	60.295	3	55	50G9	0.003643134	4.14E-06	26
152.107	77.594	3	55	50G9	0.003643134	4.14E-06	27
21.42	105.159	3	50	50G9	0.003311083	3.76E-06	28
20.925	91.235	3	50	50G9	0.003311083	3.76E-06	29
2.105	140.256	3	55	50G9	0.003643134	4.14E-06	30
72.91	160.5	3	55	50G9	0.003643134	4.14E-06	31
3.896	78.799	3	55	50G9	0.003643134	4.14E-06	32
16.564	79.254	3	55	50G9	0.003643134	4.14E-06	33
0	89.295	3	85	50G9	0.005639035	6.41E-06	34
179.085	144.038	3	65	50G9	0.004307749	4.90E-06	35
9.4	246.413	3	60	50G9	0.003975356	4.52E-06	36
2.063	74.129	3	60	50G9	0.003975356	4.52E-06	37
1.886	111.45	3	60	50G9	0.003975356	4.52E-06	38
5.797	154.929	3	60	50G9	0.003975356	4.52E-06	39
294.68	189.618	3	55	50G9	0.003643134	4.14E-06	40
5.021	217.744	3	55	50G9	0.003643134	4.14E-06	41
85.752	214.239	3	55	50G9	0.003643134	4.14E-06	42
1368.459	0	3	30	50G9	0.001984594	2.26E-06	43
1182.48	8.519	3	35	50G9	0.002315959	2.63E-06	44
1334.55	0	3	30	50G9	0.001984594	2.26E-06	45
1792.195	0	3	30	50G9	0.001984594	2.26E-06	46
1621.993	3.54	3	35	50G9	0.002315959	2.63E-06	47
1646.592	23.206	3	35	50G9	0.002315959	2.63E-06	48
1105.663	35.264	3	35	50G9	0.002315959	2.63E-06	49
703.387	24.434	3	40	50G9	0.002647496	3.01E-06	50
1012.71	19.266	3	40	50G9	0.002647496	3.01E-06	51
864.402	33	3	35	50G9	0.002315959	2.63E-06	52
636.392	7.829	3	35	50G9	0.002315959	2.63E-06	53
622.85	17.316	3	40	50G9	0.002647496	3.01E-06	54
682.484	59.149	3	45	50G9	0.002979204	3.39E-06	55
634.018	24.709	3	45	50G9	0.002979204	3.39E-06	56
416.812	12.245	3	40	50G9	0.002647496	3.01E-06	57
520.982	16.223	3	40	50G9	0.002647496	3.01E-06	58
629.845	32.921	3	45	50G9	0.002979204	3.39E-06	59
651.326	31.744	3	45	50G9	0.002979204	3.39E-06	60
551.43	25.031	3	45	50G9	0.002979204	3.39E-06	61
600.117	23.705	3	45	50G9	0.002979204	3.39E-06	62
511.064	16.99	3	40	50G9	0.002647496	3.01E-06	63
439.372	37.713	3	50	50G9	0.003311083	3.76E-06	64
318.588	43.763	3	50	50G9	0.003311083	3.76E-06	65
316.133	25.568	3	45	50G9	0.002979204	3.39E-06	66
288.239	12.979	3	40	50G9	0.002647496	3.01E-06	67
160.161	30.699	3	45	50G9	0.002979204	3.39E-06	68
236.012	16.582	3	45	50G9	0.002979204	3.39E-06	69
255.943	17.36	3	40	50G9	0.002647496	3.01E-06	70
398.449	7.368	3	45	50G9	0.002979204	3.39E-06	71
256.735	6.577	3	50	50G9	0.003311083	3.76E-06	72
NA	NA	3	NA	50G9	879.2562591	0.999722864	73
13.301	139.169	4	50	50H0	0.003311083	4.16E-06	1
34.63	154.609	4	50	50H0	0.003311083	4.16E-06	2
343.342	153.301	4	55	50H0	0.003643134	4.58E-06	3
1103.33	144.022	4	55	50H0	0.003643134	4.58E-06	4
396.637	279.864	4	55	50H0	0.003643134	4.58E-06	5
10.67	173.891	4	60	50H0	0.003975356	5.00E-06	6
0.914	214.786	4	55	50H0	0.003643134	4.58E-06	7
300.212	113.54	4	55	50H0	0.003643134	4.58E-06	8
125.61	84.972	4	50	50H0	0.003311083	4.16E-06	9
202.069	111.429	4	60	50H0	0.003975356	5.00E-06	10
9.065	85.153	4	45	50H0	0.002979204	3.75E-06	11
19.11	131.61	4	55	50H0	0.003643134	4.58E-06	12
54.338	67.668	4	45	50H0	0.002979204	3.75E-06	13
26.817	111.879	4	45	50H0	0.002979204	3.75E-06	14
7.885	75.367	4	45	50H0	0.002979204	3.75E-06	15
329.273	60.364	4	45	50H0	0.002979204	3.75E-06	16
270.057	151.229	4	45	50H0	0.002979204	3.75E-06	17
246.263	58.396	4	45	50H0	0.002979204	3.75E-06	18
20.081	107.89	4	45	50H0	0.002979204	3.75E-06	19
11.56	109.321	4	50	50H0	0.003311083	4.16E-06	20
23.166	129.668	4	45	50H0	0.002979204	3.75E-06	21
88.29	185.963	4	50	50H0	0.003311083	4.16E-06	22
117.131	104.711	4	45	50H0	0.002979204	3.75E-06	23
137.56	84.757	4	45	50H0	0.002979204	3.75E-06	24
50.46	149.013	4	50	50H0	0.003311083	4.16E-06	25
173.604	99.847	4	50	50H0	0.003311083	4.16E-06	26
158.037	76.301	4	60	50H0	0.003975356	5.00E-06	27
426.458	56.315	4	50	50H0	0.003311083	4.16E-06	28
472.723	28.743	4	50	50H0	0.003311083	4.16E-06	29
539.929	15.831	4	40	50H0	0.002647496	3.33E-06	30
809.274	6.262	4	40	50H0	0.002647496	3.33E-06	31
2102.32	3.234	4	40	50H0	0.002647496	3.33E-06	32
1620.767	4.202	4	35	50H0	0.002315959	2.91E-06	33
1269.823	7.872	4	35	50H0	0.002315959	2.91E-06	34
1138.393	4.072	4	35	50H0	0.002315959	2.91E-06	35
1485.905	6.181	4	35	50H0	0.002315959	2.91E-06	36
1510.817	2.37	4	35	50H0	0.002315959	2.91E-06	37
1309.553	5.568	4	35	50H0	0.002315959	2.91E-06	38
1804.668	1.701	4	35	50H0	0.002315959	2.91E-06	39
1431.402	3.966	4	35	50H0	0.002315959	2.91E-06	40
2133.996	1.333	4	35	50H0	0.002315959	2.91E-06	41
1359.255	2.854	4	40	50H0	0.002647496	3.33E-06	42
1086.168	5.035	4	40	50H0	0.002647496	3.33E-06	43
2047.556	2.418	4	35	50H0	0.002315959	2.91E-06	44
1091.984	1.046	4	35	50H0	0.002315959	2.91E-06	45
728.1	0.848	4	35	50H0	0.002315959	2.91E-06	46
686.325	1.441	4	35	50H0	0.002315959	2.91E-06	47
665.962	4.277	4	35	50H0	0.002315959	2.91E-06	48
568.587	1.014	4	35	50H0	0.002315959	2.91E-06	49
393.513	0	4	30	50H0	0.001984594	2.50E-06	50
348.917	0	4	30	50H0	0.001984594	2.50E-06	51
459.58	0	4	30	50H0	0.001984594	2.50E-06	52
357.219	12.746	4	35	50H0	0.002315959	2.91E-06	53
565.506	4.105	4	40	50H0	0.002647496	3.33E-06	54
560.509	11.064	4	40	50H0	0.002647496	3.33E-06	55
282.355	8.4	4	40	50H0	0.002647496	3.33E-06	56
507.068	11.499	4	40	50H0	0.002647496	3.33E-06	57
460.541	7.564	4	40	50H0	0.002647496	3.33E-06	58
319.012	9.088	4	40	50H0	0.002647496	3.33E-06	59
651.811	12.757	4	35	50H0	0.002315959	2.91E-06	60
880.495	6.735	4	35	50H0	0.002315959	2.91E-06	61
756.802	1.812	4	35	50H0	0.002315959	2.91E-06	62
1057.949	7.011	4	35	50H0	0.002315959	2.91E-06	63
1209.236	5.26	4	35	50H0	0.002315959	2.91E-06	64
1198.908	7.928	4	40	50H0	0.002647496	3.33E-06	65
1180.186	0	4	30	50H0	0.001984594	2.50E-06	66
NA	NA	4	NA	50H0	794.9153007	0.999767703	67
NA	NA	5	NA	50H1	41.59998	0.999999519	1
NA	NA	5	NA	50H1	1.00E-05	2.40E-07	2
NA	NA	5	NA	50H1	1.00E-05	2.40E-07	3
9.314	114.227	6	45	51G7	0.002979204	4.85E-06	1
NA	NA	6	NA	51G7	614.4970208	0.999995152	2
1371.055	94.013	7	40	51G8	0.002647496	3.07E-06	1
1257.556	82.933	7	35	51G8	0.002315959	2.68E-06	2
707.291	85.698	7	40	51G8	0.002647496	3.07E-06	3
847.283	125.706	7	40	51G8	0.002647496	3.07E-06	4
339.721	146.201	7	40	51G8	0.002647496	3.07E-06	5
379.418	99.975	7	40	51G8	0.002647496	3.07E-06	6
365.993	132.973	7	40	51G8	0.002647496	3.07E-06	7
702.24	65.32	7	35	51G8	0.002315959	2.68E-06	8
1044.66	34.293	7	40	51G8	0.002647496	3.07E-06	9
65.15	16.931	7	35	51G8	0.002315959	2.68E-06	10
13.212	34.872	7	35	51G8	0.002315959	2.68E-06	11
93.64	61.593	7	40	51G8	0.002647496	3.07E-06	12
128.882	71.794	7	40	51G8	0.002647496	3.07E-06	13
43.515	133.237	7	45	51G8	0.002979204	3.45E-06	14
146.494	321.57	7	45	51G8	0.002979204	3.45E-06	15
32.094	166.808	7	45	51G8	0.002979204	3.45E-06	16
76.34	108.069	7	40	51G8	0.002647496	3.07E-06	17
20.313	109.917	7	45	51G8	0.002979204	3.45E-06	18
8.239	107.369	7	50	51G8	0.003311083	3.83E-06	19
3.02	144.379	7	40	51G8	0.002647496	3.07E-06	20
2.325	144.735	7	45	51G8	0.002979204	3.45E-06	21
1.283	86.216	7	50	51G8	0.003311083	3.83E-06	22
6.937	60.603	7	50	51G8	0.003311083	3.83E-06	23
8.847	437.089	7	40	51G8	0.002647496	3.07E-06	24
16.455	524.405	7	55	51G8	0.003643134	4.22E-06	25
50.805	326.331	7	40	51G8	0.002647496	3.07E-06	26
6.816	194.821	7	40	51G8	0.002647496	3.07E-06	27
27.538	124.765	7	40	51G8	0.002647496	3.07E-06	28
605.553	0	7	30	51G8	0.001984594	2.30E-06	29
732.001	0	7	30	51G8	0.001984594	2.30E-06	30
592.099	0	7	30	51G8	0.001984594	2.30E-06	31
535.633	0.67	7	35	51G8	0.002315959	2.68E-06	32
389.915	0	7	30	51G8	0.001984594	2.30E-06	33
359.056	0	7	30	51G8	0.001984594	2.30E-06	34
284.945	0	7	30	51G8	0.001984594	2.30E-06	35
309.759	0	7	30	51G8	0.001984594	2.30E-06	36
326.637	0	7	30	51G8	0.001984594	2.30E-06	37
440.669	0	7	30	51G8	0.001984594	2.30E-06	38
464.975	0	7	30	51G8	0.001984594	2.30E-06	39
326.554	0	7	30	51G8	0.001984594	2.30E-06	40
261.257	0	7	30	51G8	0.001984594	2.30E-06	41
359.096	0	7	30	51G8	0.001984594	2.30E-06	42
286.005	0	7	30	51G8	0.001984594	2.30E-06	43
560.668	0	7	30	51G8	0.001984594	2.30E-06	44
431.504	34.079	7	35	51G8	0.002315959	2.68E-06	45
306.101	41.582	7	35	51G8	0.002315959	2.68E-06	46
327.872	24.396	7	35	51G8	0.002315959	2.68E-06	47
333.776	31.249	7	40	51G8	0.002647496	3.07E-06	48
259.708	15.414	7	40	51G8	0.002647496	3.07E-06	49
245.123	17.91	7	40	51G8	0.002647496	3.07E-06	50
273.704	25.8	7	40	51G8	0.002647496	3.07E-06	51
187.225	20.651	7	35	51G8	0.002315959	2.68E-06	52
201.323	15.535	7	35	51G8	0.002315959	2.68E-06	53
163.603	20.641	7	40	51G8	0.002647496	3.07E-06	54
144.659	24.902	7	40	51G8	0.002647496	3.07E-06	55
176.012	23.759	7	40	51G8	0.002647496	3.07E-06	56
209.331	27.963	7	40	51G8	0.002647496	3.07E-06	57
202.696	28.556	7	40	51G8	0.002647496	3.07E-06	58
388.902	48.452	7	40	51G8	0.002647496	3.07E-06	59
420.144	64.914	7	45	51G8	0.002979204	3.45E-06	60
629.344	85.835	7	40	51G8	0.002647496	3.07E-06	61
86.265	170.029	7	45	51G8	0.002979204	3.45E-06	62
121.964	219.812	7	45	51G8	0.002979204	3.45E-06	63
137.002	231.932	7	45	51G8	0.002979204	3.45E-06	64
159.104	43.726	7	40	51G8	0.002647496	3.07E-06	65
226.202	47.368	7	40	51G8	0.002647496	3.07E-06	66
160.018	14.306	7	35	51G8	0.002315959	2.68E-06	67
210.169	22.497	7	40	51G8	0.002647496	3.07E-06	68
221.993	37.311	7	35	51G8	0.002315959	2.68E-06	69
185.756	26.089	7	40	51G8	0.002647496	3.07E-06	70
196.197	78.51	7	40	51G8	0.002647496	3.07E-06	71
191.673	71.66	7	40	51G8	0.002647496	3.07E-06	72
423.787	56.287	7	40	51G8	0.002647496	3.07E-06	73
134.815	44.144	7	40	51G8	0.002647496	3.07E-06	74
676.031	103.716	7	40	51G8	0.002647496	3.07E-06	75
36.126	71.463	7	40	51G8	0.002647496	3.07E-06	76
216.431	75.883	7	40	51G8	0.002647496	3.07E-06	77
716.558	97.305	7	40	51G8	0.002647496	3.07E-06	78
18.438	63.949	7	40	51G8	0.002647496	3.07E-06	79
32.98	53.229	7	45	51G8	0.002979204	3.45E-06	80
35.596	92.484	7	50	51G8	0.003311083	3.83E-06	81
168.573	164.096	7	50	51G8	0.003311083	3.83E-06	82
1.426	145.127	7	50	51G8	0.003311083	3.83E-06	83
NA	NA	7	NA	51G8	863.4858856	0.999752096	84
209.316	158.987	8	45	51G9	0.002979204	3.44E-06	1
147.12	99.591	8	40	51G9	0.002647496	3.06E-06	2
140.075	146.486	8	45	51G9	0.002979204	3.44E-06	3
63.26	133.443	8	45	51G9	0.002979204	3.44E-06	4
59.592	123.756	8	45	51G9	0.002979204	3.44E-06	5
66.581	126.845	8	45	51G9	0.002979204	3.44E-06	6
56.794	90.862	8	55	51G9	0.003643134	4.21E-06	7
158.885	90.641	8	50	51G9	0.003311083	3.82E-06	8
151.198	91.762	8	50	51G9	0.003311083	3.82E-06	9
237.507	55.854	8	50	51G9	0.003311083	3.82E-06	10
128.476	37.956	8	50	51G9	0.003311083	3.82E-06	11
459.763	68.914	8	50	51G9	0.003311083	3.82E-06	12
67.621	39.89	8	45	51G9	0.002979204	3.44E-06	13
62.188	11.431	8	45	51G9	0.002979204	3.44E-06	14
98.262	10.519	8	45	51G9	0.002979204	3.44E-06	15
54.368	61.945	8	45	51G9	0.002979204	3.44E-06	16
29.305	99.551	8	50	51G9	0.003311083	3.82E-06	17
211.223	57.89	8	50	51G9	0.003311083	3.82E-06	18
65.634	61.737	8	50	51G9	0.003311083	3.82E-06	19
123.856	48.658	8	50	51G9	0.003311083	3.82E-06	20
447.067	73.821	8	50	51G9	0.003311083	3.82E-06	21
138.076	110.635	8	50	51G9	0.003311083	3.82E-06	22
171.544	124.422	8	55	51G9	0.003643134	4.21E-06	23
44.356	169.843	8	60	51G9	0.003975356	4.59E-06	24
81.633	44.863	8	60	51G9	0.003975356	4.59E-06	25
161.019	78.998	8	65	51G9	0.004307749	4.98E-06	26
91.731	102.327	8	65	51G9	0.004307749	4.98E-06	27
168.543	85.899	8	70	51G9	0.004640313	5.36E-06	28
210.41	89.263	8	65	51G9	0.004307749	4.98E-06	29
116.715	75.596	8	65	51G9	0.004307749	4.98E-06	30
127.275	92.428	8	70	51G9	0.004640313	5.36E-06	31
409.107	5.926	8	65	51G9	0.004307749	4.98E-06	32
293.57	19.19	8	70	51G9	0.004640313	5.36E-06	33
246.07	19.951	8	75	51G9	0.004973049	5.74E-06	34
261.378	19.779	8	70	51G9	0.004640313	5.36E-06	35
293.171	18.755	8	70	51G9	0.004640313	5.36E-06	36
382.464	11.276	8	70	51G9	0.004640313	5.36E-06	37
274.726	11.658	8	70	51G9	0.004640313	5.36E-06	38
187.156	4.462	8	65	51G9	0.004307749	4.98E-06	39
210.216	3.959	8	70	51G9	0.004640313	5.36E-06	40
273.939	4.598	8	65	51G9	0.004307749	4.98E-06	41
314.253	11.328	8	70	51G9	0.004640313	5.36E-06	42
352.264	13.88	8	70	51G9	0.004640313	5.36E-06	43
356.049	13.002	8	70	51G9	0.004640313	5.36E-06	44
308.354	13.83	8	70	51G9	0.004640313	5.36E-06	45
298.441	13.723	8	70	51G9	0.004640313	5.36E-06	46
210.609	12.905	8	70	51G9	0.004640313	5.36E-06	47
309.447	15.789	8	65	51G9	0.004307749	4.98E-06	48
351.917	13.829	8	65	51G9	0.004307749	4.98E-06	49
392.143	9.15	8	60	51G9	0.003975356	4.59E-06	50
373.929	5.927	8	60	51G9	0.003975356	4.59E-06	51
371.041	7.258	8	60	51G9	0.003975356	4.59E-06	52
302.882	6.208	8	55	51G9	0.003643134	4.21E-06	53
389.76	7.707	8	55	51G9	0.003643134	4.21E-06	54
416.37	25.812	8	50	51G9	0.003311083	3.82E-06	55
367.746	14.603	8	45	51G9	0.002979204	3.44E-06	56
303.809	8.073	8	45	51G9	0.002979204	3.44E-06	57
348.445	6.532	8	50	51G9	0.003311083	3.82E-06	58
415.422	8.141	8	45	51G9	0.002979204	3.44E-06	59
594.734	13.255	8	50	51G9	0.003311083	3.82E-06	60
537.411	10.441	8	45	51G9	0.002979204	3.44E-06	61
383.129	7.948	8	45	51G9	0.002979204	3.44E-06	62
386.362	15.478	8	45	51G9	0.002979204	3.44E-06	63
389.514	22.42	8	45	51G9	0.002979204	3.44E-06	64
309.335	18.399	8	45	51G9	0.002979204	3.44E-06	65
471.152	28.868	8	45	51G9	0.002979204	3.44E-06	66
395.659	18.874	8	40	51G9	0.002647496	3.06E-06	67
397.849	14.955	8	40	51G9	0.002647496	3.06E-06	68
475.182	13.99	8	40	51G9	0.002647496	3.06E-06	69
436.689	27.324	8	40	51G9	0.002647496	3.06E-06	70
350.979	20.491	8	45	51G9	0.002979204	3.44E-06	71
282.018	18.288	8	50	51G9	0.003311083	3.82E-06	72
277.429	9.558	8	50	51G9	0.003311083	3.82E-06	73
220.069	7.432	8	50	51G9	0.003311083	3.82E-06	74
219.608	21.055	8	55	51G9	0.003643134	4.21E-06	75
180.428	23.746	8	55	51G9	0.003643134	4.21E-06	76
178.618	20.424	8	55	51G9	0.003643134	4.21E-06	77
139.668	17.503	8	55	51G9	0.003643134	4.21E-06	78
115.815	14.162	8	55	51G9	0.003643134	4.21E-06	79
211.019	19.643	8	55	51G9	0.003643134	4.21E-06	80
169.458	41.369	8	50	51G9	0.003311083	3.82E-06	81
326.614	69.428	8	45	51G9	0.002979204	3.44E-06	82
212.314	73.241	8	45	51G9	0.002979204	3.44E-06	83
376.094	46.391	8	45	51G9	0.002979204	3.44E-06	84
267.8	50.493	8	45	51G9	0.002979204	3.44E-06	85
246.138	42.171	8	45	51G9	0.002979204	3.44E-06	86
204.672	33.456	8	40	51G9	0.002647496	3.06E-06	87
NA	NA	8	NA	51G9	865.4879993	0.999639639	88
77.506	100.121	9	70	51H0	0.004640313	5.36E-06	1
221.639	126.804	9	70	51H0	0.004640313	5.36E-06	2
315.586	117.66	9	70	51H0	0.004640313	5.36E-06	3
545.286	92.773	9	70	51H0	0.004640313	5.36E-06	4
209.023	96.017	9	70	51H0	0.004640313	5.36E-06	5
189.945	131.324	9	70	51H0	0.004640313	5.36E-06	6
12.283	115.045	9	70	51H0	0.004640313	5.36E-06	7
11.755	116.688	9	70	51H0	0.004640313	5.36E-06	8
54.511	199.737	9	70	51H0	0.004640313	5.36E-06	9
258.456	108.336	9	70	51H0	0.004640313	5.36E-06	10
219.595	91.697	9	70	51H0	0.004640313	5.36E-06	11
95.341	87.851	9	70	51H0	0.004640313	5.36E-06	12
68.847	61.749	9	70	51H0	0.004640313	5.36E-06	13
153.621	52.587	9	65	51H0	0.004307749	4.98E-06	14
16.955	86.54	9	65	51H0	0.004307749	4.98E-06	15
12.784	78.333	9	60	51H0	0.003975356	4.59E-06	16
69.841	102.905	9	60	51H0	0.003975356	4.59E-06	17
268.414	95.976	9	60	51H0	0.003975356	4.59E-06	18
24.837	71.142	9	55	51H0	0.003643134	4.21E-06	19
5.668	79.841	9	50	51H0	0.003311083	3.82E-06	20
112.523	82.937	9	55	51H0	0.003643134	4.21E-06	21
73.412	68.477	9	50	51H0	0.003311083	3.82E-06	22
62.304	92.909	9	50	51H0	0.003311083	3.82E-06	23
14.534	87.961	9	50	51H0	0.003311083	3.82E-06	24
96.01	77.427	9	50	51H0	0.003311083	3.82E-06	25
22.676	65.25	9	50	51H0	0.003311083	3.82E-06	26
10.699	101.367	9	50	51H0	0.003311083	3.82E-06	27
6.641	75.429	9	55	51H0	0.003643134	4.21E-06	28
8.514	104.463	9	60	51H0	0.003975356	4.59E-06	29
119.872	88.359	9	60	51H0	0.003975356	4.59E-06	30
161.063	65.069	9	55	51H0	0.003643134	4.21E-06	31
50.048	126.639	9	55	51H0	0.003643134	4.21E-06	32
295.509	86.613	9	55	51H0	0.003643134	4.21E-06	33
122.673	73.715	9	55	51H0	0.003643134	4.21E-06	34
180.522	84.976	9	60	51H0	0.003975356	4.59E-06	35
275.055	117.342	9	65	51H0	0.004307749	4.98E-06	36
163.594	125.272	9	60	51H0	0.003975356	4.59E-06	37
222.163	119.013	9	60	51H0	0.003975356	4.59E-06	38
34.08	102.894	9	60	51H0	0.003975356	4.59E-06	39
42.022	167.827	9	60	51H0	0.003975356	4.59E-06	40
289.741	113.7	9	60	51H0	0.003975356	4.59E-06	41
470.227	130.871	9	60	51H0	0.003975356	4.59E-06	42
362.977	112.447	9	60	51H0	0.003975356	4.59E-06	43
146.507	21.217	9	60	51H0	0.003975356	4.59E-06	44
276.644	27.364	9	60	51H0	0.003975356	4.59E-06	45
199.854	18.095	9	65	51H0	0.004307749	4.98E-06	46
264.38	10.823	9	50	51H0	0.003311083	3.82E-06	47
398.028	10.455	9	65	51H0	0.004307749	4.98E-06	48
370.086	20.484	9	65	51H0	0.004307749	4.98E-06	49
396.897	8.879	9	55	51H0	0.003643134	4.21E-06	50
459.378	12.731	9	55	51H0	0.003643134	4.21E-06	51
445.857	10.029	9	65	51H0	0.004307749	4.98E-06	52
610.353	10.79	9	60	51H0	0.003975356	4.59E-06	53
540.516	11.532	9	60	51H0	0.003975356	4.59E-06	54
562.798	16.662	9	65	51H0	0.004307749	4.98E-06	55
NA	NA	9	NA	51H0	865.478356	0.999743971	56
NA	NA	10	NA	51H1	237.29998	0.999999916	1
NA	NA	10	NA	51H1	1.00E-05	4.21E-08	2
NA	NA	10	NA	51H1	1.00E-05	4.21E-08	3
NA	NA	11	NA	52G7	482.59998	0.999999959	1
NA	NA	11	NA	52G7	1.00E-05	2.07E-08	2
NA	NA	11	NA	52G7	1.00E-05	2.07E-08	3
275.101	20.36	12	45	52G8	0.002979204	3.50E-06	1
278.802	17.542	12	45	52G8	0.002979204	3.50E-06	2
369.07	28.948	12	50	52G8	0.003311083	3.89E-06	3
417.396	36.552	12	45	52G8	0.002979204	3.50E-06	4
326.653	26.481	12	50	52G8	0.003311083	3.89E-06	5
370.606	26.453	12	45	52G8	0.002979204	3.50E-06	6
382.512	31.616	12	45	52G8	0.002979204	3.50E-06	7
560.433	32.902	12	50	52G8	0.003311083	3.89E-06	8
336.855	13.308	12	50	52G8	0.003311083	3.89E-06	9
319.269	17.782	12	45	52G8	0.002979204	3.50E-06	10
421.283	13.415	12	45	52G8	0.002979204	3.50E-06	11
374.56	14.857	12	45	52G8	0.002979204	3.50E-06	12
516.234	25.354	12	45	52G8	0.002979204	3.50E-06	13
466.833	34.467	12	45	52G8	0.002979204	3.50E-06	14
292.98	45.939	12	45	52G8	0.002979204	3.50E-06	15
466.925	67.09	12	45	52G8	0.002979204	3.50E-06	16
365.756	56.779	12	50	52G8	0.003311083	3.89E-06	17
324.721	27.275	12	50	52G8	0.003311083	3.89E-06	18
270.802	19.503	12	50	52G8	0.003311083	3.89E-06	19
334.746	40.507	12	45	52G8	0.002979204	3.50E-06	20
346.586	75.776	12	50	52G8	0.003311083	3.89E-06	21
342.443	123.985	12	45	52G8	0.002979204	3.50E-06	22
457.414	179.5	12	45	52G8	0.002979204	3.50E-06	23
354.95	136.045	12	45	52G8	0.002979204	3.50E-06	24
279.605	98.013	12	45	52G8	0.002979204	3.50E-06	25
282.767	114.872	12	45	52G8	0.002979204	3.50E-06	26
313.613	195.8	12	45	52G8	0.002979204	3.50E-06	27
306.595	184.394	12	45	52G8	0.002979204	3.50E-06	28
273.15	172.778	12	50	52G8	0.003311083	3.89E-06	29
236.133	148.537	12	50	52G8	0.003311083	3.89E-06	30
383.756	90.549	12	40	52G8	0.002647496	3.11E-06	31
554.446	71.881	12	45	52G8	0.002979204	3.50E-06	32
514.336	94.037	12	40	52G8	0.002647496	3.11E-06	33
248.284	97.448	12	40	52G8	0.002647496	3.11E-06	34
238.529	52.237	12	40	52G8	0.002647496	3.11E-06	35
160.112	99.599	12	40	52G8	0.002647496	3.11E-06	36
304.998	245.136	12	40	52G8	0.002647496	3.11E-06	37
186.647	76.94	12	40	52G8	0.002647496	3.11E-06	38
176.568	45.621	12	40	52G8	0.002647496	3.11E-06	39
117.964	64.073	12	35	52G8	0.002315959	2.72E-06	40
123.34	11.833	12	35	52G8	0.002315959	2.72E-06	41
283.241	10.29	12	35	52G8	0.002315959	2.72E-06	42
538.87	3.627	12	35	52G8	0.002315959	2.72E-06	43
387.385	0.589	12	35	52G8	0.002315959	2.72E-06	44
261.208	0	12	30	52G8	0.001984594	2.33E-06	45
345.608	5.269	12	35	52G8	0.002315959	2.72E-06	46
394.055	2.934	12	35	52G8	0.002315959	2.72E-06	47
430.679	0	12	30	52G8	0.001984594	2.33E-06	48
301.897	0	12	30	52G8	0.001984594	2.33E-06	49
955.506	64.715	12	35	52G8	0.002315959	2.72E-06	50
193.693	224.434	12	35	52G8	0.002315959	2.72E-06	51
432.805	44.072	12	35	52G8	0.002315959	2.72E-06	52
270.212	272.964	12	40	52G8	0.002647496	3.11E-06	53
930.91	316.176	12	40	52G8	0.002647496	3.11E-06	54
800.365	0	12	25	52G8	0.0016534	1.94E-06	55
581.618	0	12	25	52G8	0.0016534	1.94E-06	56
701.508	0	12	30	52G8	0.001984594	2.33E-06	57
587.709	0	12	30	52G8	0.001984594	2.33E-06	58
477.196	0	12	30	52G8	0.001984594	2.33E-06	59
503.213	0	12	25	52G8	0.0016534	1.94E-06	60
834.468	0	12	30	52G8	0.001984594	2.33E-06	61
640.911	0	12	30	52G8	0.001984594	2.33E-06	62
764.531	0	12	30	52G8	0.001984594	2.33E-06	63
1007.867	0	12	30	52G8	0.001984594	2.33E-06	64
838.903	17.981	12	40	52G8	0.002647496	3.11E-06	65
1008.427	72.246	12	45	52G8	0.002979204	3.50E-06	66
237.731	21.46	12	45	52G8	0.002979204	3.50E-06	67
304.777	19.333	12	45	52G8	0.002979204	3.50E-06	68
211.951	17.971	12	45	52G8	0.002979204	3.50E-06	69
369.586	25.36	12	45	52G8	0.002979204	3.50E-06	70
211.586	13.533	12	45	52G8	0.002979204	3.50E-06	71
172.708	16.325	12	50	52G8	0.003311083	3.89E-06	72
380.244	25.032	12	45	52G8	0.002979204	3.50E-06	73
180.291	39.763	12	50	52G8	0.003311083	3.89E-06	74
384.929	40.841	12	45	52G8	0.002979204	3.50E-06	75
272.304	54.985	12	45	52G8	0.002979204	3.50E-06	76
286.121	107.528	12	45	52G8	0.002979204	3.50E-06	77
379.355	102.461	12	45	52G8	0.002979204	3.50E-06	78
479.516	85.564	12	45	52G8	0.002979204	3.50E-06	79
378.058	81.528	12	45	52G8	0.002979204	3.50E-06	80
276.246	65.786	12	40	52G8	0.002647496	3.11E-06	81
463.272	78.48	12	40	52G8	0.002647496	3.11E-06	82
528.916	59.836	12	40	52G8	0.002647496	3.11E-06	83
744.699	36.003	12	40	52G8	0.002647496	3.11E-06	84
997.104	61.381	12	40	52G8	0.002647496	3.11E-06	85
333.747	50.482	12	40	52G8	0.002647496	3.11E-06	86
504.635	28.28	12	40	52G8	0.002647496	3.11E-06	87
395.473	50.757	12	40	52G8	0.002647496	3.11E-06	88
338.468	39.71	12	40	52G8	0.002647496	3.11E-06	89
440.339	48.149	12	40	52G8	0.002647496	3.11E-06	90
612.433	53.419	12	35	52G8	0.002315959	2.72E-06	91
1045.179	51.335	12	40	52G8	0.002647496	3.11E-06	92
NA	NA	12	NA	52G8	851.7504475	0.999707098	93
2186.643	128.001	13	40	52G9	0.002647496	3.11E-06	1
914.412	198.575	13	35	52G9	0.002315959	2.72E-06	2
480.785	63.387	13	40	52G9	0.002647496	3.11E-06	3
488.714	217.005	13	50	52G9	0.003311083	3.89E-06	4
500.532	156.831	13	55	52G9	0.003643134	4.28E-06	5
183.391	289.251	13	55	52G9	0.003643134	4.28E-06	6
263.903	117.245	13	55	52G9	0.003643134	4.28E-06	7
260.034	139.709	13	50	52G9	0.003311083	3.89E-06	8
198.676	117.95	13	50	52G9	0.003311083	3.89E-06	9
198.01	81.663	13	45	52G9	0.002979204	3.50E-06	10
305.429	80.563	13	45	52G9	0.002979204	3.50E-06	11
449.882	77.608	13	45	52G9	0.002979204	3.50E-06	12
761.67	71.407	13	45	52G9	0.002979204	3.50E-06	13
667.928	77.783	13	45	52G9	0.002979204	3.50E-06	14
413.562	81.575	13	45	52G9	0.002979204	3.50E-06	15
650.933	111.802	13	45	52G9	0.002979204	3.50E-06	16
823.372	157.376	13	45	52G9	0.002979204	3.50E-06	17
422.405	78.766	13	45	52G9	0.002979204	3.50E-06	18
758.805	67.608	13	50	52G9	0.003311083	3.89E-06	19
398.786	60.922	13	50	52G9	0.003311083	3.89E-06	20
451.274	85.843	13	50	52G9	0.003311083	3.89E-06	21
410.394	71.415	13	50	52G9	0.003311083	3.89E-06	22
262.234	112.375	13	50	52G9	0.003311083	3.89E-06	23
1074.791	261.387	13	50	52G9	0.003311083	3.89E-06	24
492.839	172.765	13	55	52G9	0.003643134	4.28E-06	25
444.642	158.846	13	55	52G9	0.003643134	4.28E-06	26
170.053	99.674	13	60	52G9	0.003975356	4.67E-06	27
120.989	59.951	13	65	52G9	0.004307749	5.06E-06	28
130.878	105.775	13	65	52G9	0.004307749	5.06E-06	29
272.402	8.755	13	50	52G9	0.003311083	3.89E-06	30
442.606	14.098	13	55	52G9	0.003643134	4.28E-06	31
328.85	13.658	13	60	52G9	0.003975356	4.67E-06	32
479.441	11.754	13	55	52G9	0.003643134	4.28E-06	33
334.3	5.195	13	50	52G9	0.003311083	3.89E-06	34
387.231	7.289	13	55	52G9	0.003643134	4.28E-06	35
353.599	5.072	13	50	52G9	0.003311083	3.89E-06	36
392.562	9.228	13	50	52G9	0.003311083	3.89E-06	37
405.932	7.006	13	45	52G9	0.002979204	3.50E-06	38
463.018	7.94	13	45	52G9	0.002979204	3.50E-06	39
362.965	7.737	13	40	52G9	0.002647496	3.11E-06	40
427.36	23.607	13	40	52G9	0.002647496	3.11E-06	41
512.9	5.324	13	40	52G9	0.002647496	3.11E-06	42
625.525	8.78	13	40	52G9	0.002647496	3.11E-06	43
492.148	6.949	13	40	52G9	0.002647496	3.11E-06	44
330.359	6.88	13	40	52G9	0.002647496	3.11E-06	45
397.94	7.283	13	40	52G9	0.002647496	3.11E-06	46
381.762	10.519	13	35	52G9	0.002315959	2.72E-06	47
379.91	10.963	13	35	52G9	0.002315959	2.72E-06	48
303.02	15.517	13	40	52G9	0.002647496	3.11E-06	49
337.888	15.39	13	45	52G9	0.002979204	3.50E-06	50
206.098	13.351	13	45	52G9	0.002979204	3.50E-06	51
328.345	17.192	13	40	52G9	0.002647496	3.11E-06	52
305.676	8.205	13	45	52G9	0.002979204	3.50E-06	53
234.837	15.923	13	45	52G9	0.002979204	3.50E-06	54
385.872	25.117	13	45	52G9	0.002979204	3.50E-06	55
414.905	12.5	13	35	52G9	0.002315959	2.72E-06	56
494.391	0	13	30	52G9	0.001984594	2.33E-06	57
584.914	0	13	30	52G9	0.001984594	2.33E-06	58
NA	NA	13	NA	52G9	851.8212219	0.999790167	59
87.209	226.393	14	65	52H0	0.004307749	5.06E-06	1
53.406	202.571	14	70	52H0	0.004640313	5.45E-06	2
377.386	113.565	14	70	52H0	0.004640313	5.45E-06	3
232.412	96.645	14	70	52H0	0.004640313	5.45E-06	4
27.974	473.001	14	70	52H0	0.004640313	5.45E-06	5
14.374	315.959	14	70	52H0	0.004640313	5.45E-06	6
122.165	86.303	14	70	52H0	0.004640313	5.45E-06	7
1030.784	139.072	14	70	52H0	0.004640313	5.45E-06	8
527.583	160.501	14	65	52H0	0.004307749	5.06E-06	9
55.025	109.668	14	65	52H0	0.004307749	5.06E-06	10
611.195	241.018	14	70	52H0	0.004640313	5.45E-06	11
1045.808	396.607	14	70	52H0	0.004640313	5.45E-06	12
488.454	41.604	14	65	52H0	0.004307749	5.06E-06	13
251.049	40.494	14	65	52H0	0.004307749	5.06E-06	14
431.178	47.762	14	60	52H0	0.003975356	4.67E-06	15
600.651	37.215	14	60	52H0	0.003975356	4.67E-06	16
686.783	46.736	14	60	52H0	0.003975356	4.67E-06	17
855.227	45.598	14	55	52H0	0.003643134	4.28E-06	18
1053.354	32.844	14	50	52H0	0.003311083	3.89E-06	19
1543.087	26.975	14	50	52H0	0.003311083	3.89E-06	20
426.584	7.933	14	45	52H0	0.002979204	3.50E-06	21
856.485	6.524	14	40	52H0	0.002647496	3.11E-06	22
1771.93	2.565	14	40	52H0	0.002647496	3.11E-06	23
1209.759	5.441	14	45	52H0	0.002979204	3.50E-06	24
352.734	9.545	14	45	52H0	0.002979204	3.50E-06	25
344.232	2.777	14	40	52H0	0.002647496	3.11E-06	26
388.835	3.222	14	40	52H0	0.002647496	3.11E-06	27
718.135	2.875	14	40	52H0	0.002647496	3.11E-06	28
493.426	1.81	14	45	52H0	0.002979204	3.50E-06	29
578.954	8.359	14	45	52H0	0.002979204	3.50E-06	30
308.742	9.754	14	35	52H0	0.002315959	2.72E-06	31
441.835	2.136	14	35	52H0	0.002315959	2.72E-06	32
255.53	3.569	14	35	52H0	0.002315959	2.72E-06	33
311.023	3.757	14	40	52H0	0.002647496	3.11E-06	34
255.529	1.835	14	35	52H0	0.002315959	2.72E-06	35
412.864	5.228	14	40	52H0	0.002647496	3.11E-06	36
182.733	3.864	14	40	52H0	0.002647496	3.11E-06	37
170.541	4.837	14	40	52H0	0.002647496	3.11E-06	38
144.745	1.677	14	45	52H0	0.002979204	3.50E-06	39
182.441	1.443	14	45	52H0	0.002979204	3.50E-06	40
212.542	3.981	14	50	52H0	0.003311083	3.89E-06	41
178.18	3.32	14	45	52H0	0.002979204	3.50E-06	42
169.109	3.742	14	55	52H0	0.003643134	4.28E-06	43
150.613	2.043	14	50	52H0	0.003311083	3.89E-06	44
339.839	3.627	14	55	52H0	0.003643134	4.28E-06	45
231.046	0.608	14	40	52H0	0.002647496	3.11E-06	46
375.259	3.08	14	50	52H0	0.003311083	3.89E-06	47
341.84	1.62	14	40	52H0	0.002647496	3.11E-06	48
299.212	3.55	14	40	52H0	0.002647496	3.11E-06	49
489.564	6.156	14	60	52H0	0.003975356	4.67E-06	50
252.545	7.812	14	70	52H0	0.004640313	5.45E-06	51
224.24	5.907	14	55	52H0	0.003643134	4.28E-06	52
155.224	4.014	14	55	52H0	0.003643134	4.28E-06	53
269.704	12.046	14	60	52H0	0.003975356	4.67E-06	54
290.354	8.166	14	55	52H0	0.003643134	4.28E-06	55
220.979	8.55	14	55	52H0	0.003643134	4.28E-06	56
NA	NA	14	NA	52H0	851.8052566	0.999771428	57
NA	NA	15	NA	52H1	263.89998	0.999999924	1
NA	NA	15	NA	52H1	1.00E-05	3.79E-08	2
NA	NA	15	NA	52H1	1.00E-05	3.79E-08	3
NA	NA	16	NA	53G7	354.49998	0.999999944	1
NA	NA	16	NA	53G7	1.00E-05	2.82E-08	2
NA	NA	16	NA	53G7	1.00E-05	2.82E-08	3
596.037	6.933	17	35	53G8	0.002315959	2.76E-06	1
949.766	0	17	30	53G8	0.001984594	2.37E-06	2
768.792	0	17	30	53G8	0.001984594	2.37E-06	3
496.278	2.828	17	35	53G8	0.002315959	2.76E-06	4
513.432	9.809	17	35	53G8	0.002315959	2.76E-06	5
789.032	35.952	17	40	53G8	0.002647496	3.16E-06	6
472.282	37.323	17	35	53G8	0.002315959	2.76E-06	7
361.096	15.971	17	35	53G8	0.002315959	2.76E-06	8
499.534	14.091	17	35	53G8	0.002315959	2.76E-06	9
302.652	37.388	17	40	53G8	0.002647496	3.16E-06	10
334.477	56.267	17	45	53G8	0.002979204	3.55E-06	11
292.54	61.141	17	45	53G8	0.002979204	3.55E-06	12
355.115	52.32	17	40	53G8	0.002647496	3.16E-06	13
258.476	37.685	17	45	53G8	0.002979204	3.55E-06	14
335.394	34.394	17	45	53G8	0.002979204	3.55E-06	15
169.839	44.454	17	45	53G8	0.002979204	3.55E-06	16
217.976	76.662	17	50	53G8	0.003311083	3.95E-06	17
210.715	56.492	17	50	53G8	0.003311083	3.95E-06	18
294.766	80.847	17	50	53G8	0.003311083	3.95E-06	19
558.117	81.899	17	50	53G8	0.003311083	3.95E-06	20
290.099	119.695	17	50	53G8	0.003311083	3.95E-06	21
316.213	178.873	17	55	53G8	0.003643134	4.35E-06	22
399.315	236.434	17	55	53G8	0.003643134	4.35E-06	23
315.336	148.153	17	55	53G8	0.003643134	4.35E-06	24
331.491	203.116	17	55	53G8	0.003643134	4.35E-06	25
230.754	168.848	17	60	53G8	0.003975356	4.74E-06	26
246.388	111.431	17	60	53G8	0.003975356	4.74E-06	27
167.509	81.441	17	65	53G8	0.004307749	5.14E-06	28
260.995	109.666	17	60	53G8	0.003975356	4.74E-06	29
173.18	135.622	17	65	53G8	0.004307749	5.14E-06	30
164.315	55.499	17	60	53G8	0.003975356	4.74E-06	31
285.069	77.609	17	60	53G8	0.003975356	4.74E-06	32
230.047	84.964	17	60	53G8	0.003975356	4.74E-06	33
126.421	117.937	17	60	53G8	0.003975356	4.74E-06	34
365.947	202.538	17	60	53G8	0.003975356	4.74E-06	35
402.909	199.797	17	60	53G8	0.003975356	4.74E-06	36
210.306	243.013	17	60	53G8	0.003975356	4.74E-06	37
143.303	293.237	17	60	53G8	0.003975356	4.74E-06	38
185.893	287.73	17	55	53G8	0.003643134	4.35E-06	39
128.819	15.382	17	50	53G8	0.003311083	3.95E-06	40
203.343	10.978	17	45	53G8	0.002979204	3.55E-06	41
182.455	4.927	17	50	53G8	0.003311083	3.95E-06	42
292.642	3.112	17	50	53G8	0.003311083	3.95E-06	43
239.583	5.478	17	50	53G8	0.003311083	3.95E-06	44
271.287	12.105	17	50	53G8	0.003311083	3.95E-06	45
147.843	12.403	17	50	53G8	0.003311083	3.95E-06	46
119.022	9.188	17	50	53G8	0.003311083	3.95E-06	47
245.052	4.717	17	50	53G8	0.003311083	3.95E-06	48
367.279	4.26	17	50	53G8	0.003311083	3.95E-06	49
368.698	8.079	17	50	53G8	0.003311083	3.95E-06	50
200.676	15.361	17	50	53G8	0.003311083	3.95E-06	51
197.295	6.91	17	50	53G8	0.003311083	3.95E-06	52
340.642	7.136	17	50	53G8	0.003311083	3.95E-06	53
352.119	6.595	17	50	53G8	0.003311083	3.95E-06	54
191.978	7.164	17	50	53G8	0.003311083	3.95E-06	55
217.07	7.092	17	50	53G8	0.003311083	3.95E-06	56
512.685	3.408	17	50	53G8	0.003311083	3.95E-06	57
239.409	3.675	17	50	53G8	0.003311083	3.95E-06	58
319.91	7.296	17	50	53G8	0.003311083	3.95E-06	59
366.135	4.125	17	50	53G8	0.003311083	3.95E-06	60
440.579	10.373	17	50	53G8	0.003311083	3.95E-06	61
210.476	17.386	17	45	53G8	0.002979204	3.55E-06	62
282.197	14.374	17	50	53G8	0.003311083	3.95E-06	63
194.185	4.587	17	45	53G8	0.002979204	3.55E-06	64
317.028	9.449	17	50	53G8	0.003311083	3.95E-06	65
237.984	10.574	17	45	53G8	0.002979204	3.55E-06	66
282.719	13.239	17	45	53G8	0.002979204	3.55E-06	67
358.383	10.433	17	45	53G8	0.002979204	3.55E-06	68
353.669	19.698	17	45	53G8	0.002979204	3.55E-06	69
477.013	21.252	17	45	53G8	0.002979204	3.55E-06	70
469.293	19.511	17	45	53G8	0.002979204	3.55E-06	71
380.855	14.941	17	50	53G8	0.003311083	3.95E-06	72
201.168	20.447	17	50	53G8	0.003311083	3.95E-06	73
314.365	9.997	17	50	53G8	0.003311083	3.95E-06	74
344.421	12.409	17	50	53G8	0.003311083	3.95E-06	75
432.24	16.09	17	50	53G8	0.003311083	3.95E-06	76
290.629	13.662	17	50	53G8	0.003311083	3.95E-06	77
217.377	27.324	17	50	53G8	0.003311083	3.95E-06	78
NA	NA	17	NA	53G8	837.8460357	0.999696976	79
224.909	254.6	18	55	53G9	0.003643134	4.35E-06	1
229.705	147.973	18	55	53G9	0.003643134	4.35E-06	2
1366.379	183.898	18	55	53G9	0.003643134	4.35E-06	3
310.328	241.33	18	55	53G9	0.003643134	4.35E-06	4
427.095	326.47	18	60	53G9	0.003975356	4.74E-06	5
109.715	171.675	18	60	53G9	0.003975356	4.74E-06	6
140.965	216.011	18	60	53G9	0.003975356	4.74E-06	7
69.293	171.91	18	60	53G9	0.003975356	4.74E-06	8
16.608	98.083	18	55	53G9	0.003643134	4.35E-06	9
279.625	190.491	18	60	53G9	0.003975356	4.74E-06	10
38.806	297.176	18	60	53G9	0.003975356	4.74E-06	11
12.868	340.036	18	60	53G9	0.003975356	4.74E-06	12
90.963	171.984	18	55	53G9	0.003643134	4.35E-06	13
9.591	250.086	18	55	53G9	0.003643134	4.35E-06	14
93.478	400.135	18	65	53G9	0.004307749	5.14E-06	15
591.056	356.577	18	70	53G9	0.004640313	5.54E-06	16
660.609	563.394	18	65	53G9	0.004307749	5.14E-06	17
788.303	491.185	18	65	53G9	0.004307749	5.14E-06	18
71.587	140.334	18	60	53G9	0.003975356	4.74E-06	19
191.917	215.57	18	65	53G9	0.004307749	5.14E-06	20
281.329	297.097	18	60	53G9	0.003975356	4.74E-06	21
553.206	320	18	65	53G9	0.004307749	5.14E-06	22
1435.5	1202.79	18	70	53G9	0.004640313	5.54E-06	23
173.658	236.761	18	75	53G9	0.004973049	5.93E-06	24
273.628	155.367	18	80	53G9	0.005305956	6.33E-06	25
79.112	128.407	18	65	53G9	0.004307749	5.14E-06	26
52.115	430.166	18	70	53G9	0.004640313	5.54E-06	27
67.878	598.173	18	65	53G9	0.004307749	5.14E-06	28
259.702	14.909	18	55	53G9	0.003643134	4.35E-06	29
443.292	8.427	18	75	53G9	0.004973049	5.93E-06	30
344.131	18.621	18	65	53G9	0.004307749	5.14E-06	31
356.836	19.48	18	65	53G9	0.004307749	5.14E-06	32
509.938	13.032	18	55	53G9	0.003643134	4.35E-06	33
376.639	20.392	18	60	53G9	0.003975356	4.74E-06	34
440.625	10.754	18	60	53G9	0.003975356	4.74E-06	35
599.561	13.85	18	55	53G9	0.003643134	4.35E-06	36
827.481	9.992	18	55	53G9	0.003643134	4.35E-06	37
805.543	12.864	18	55	53G9	0.003643134	4.35E-06	38
449.746	10.208	18	50	53G9	0.003311083	3.95E-06	39
430.881	21.506	18	50	53G9	0.003311083	3.95E-06	40
219.243	19.438	18	40	53G9	0.002647496	3.16E-06	41
273.774	7.909	18	40	53G9	0.002647496	3.16E-06	42
272.931	15.276	18	40	53G9	0.002647496	3.16E-06	43
274.431	11.061	18	35	53G9	0.002315959	2.76E-06	44
368.795	5.453	18	35	53G9	0.002315959	2.76E-06	45
333.451	9.416	18	35	53G9	0.002315959	2.76E-06	46
303.61	7.642	18	40	53G9	0.002647496	3.16E-06	47
286.96	31.507	18	45	53G9	0.002979204	3.55E-06	48
202.387	16.033	18	45	53G9	0.002979204	3.55E-06	49
284.667	11.757	18	45	53G9	0.002979204	3.55E-06	50
254.92	7.938	18	45	53G9	0.002979204	3.55E-06	51
294.889	8.19	18	45	53G9	0.002979204	3.55E-06	52
430.232	16.04	18	45	53G9	0.002979204	3.55E-06	53
361.517	10.061	18	50	53G9	0.003311083	3.95E-06	54
192.561	8.047	18	50	53G9	0.003311083	3.95E-06	55
118.01	7.259	18	50	53G9	0.003311083	3.95E-06	56
NA	NA	18	NA	53G9	837.8926422	0.999752586	57
349.024	281.859	19	65	53H0	0.004307749	5.14E-06	1
347.393	181.635	19	70	53H0	0.004640313	5.54E-06	2
191.362	104.05	19	65	53H0	0.004307749	5.14E-06	3
452.795	112.905	19	65	53H0	0.004307749	5.14E-06	4
356.64	263.145	19	65	53H0	0.004307749	5.14E-06	5
699.726	106.589	19	65	53H0	0.004307749	5.14E-06	6
1100.673	207.379	19	60	53H0	0.003975356	4.74E-06	7
687.549	198.359	19	60	53H0	0.003975356	4.74E-06	8
392.379	190.043	19	60	53H0	0.003975356	4.74E-06	9
98.236	146.14	19	60	53H0	0.003975356	4.74E-06	10
252.997	79.238	19	60	53H0	0.003975356	4.74E-06	11
190.96	89.549	19	55	53H0	0.003643134	4.35E-06	12
19.299	80.652	19	50	53H0	0.003311083	3.95E-06	13
68.513	71.915	19	45	53H0	0.002979204	3.55E-06	14
142.818	140.588	19	45	53H0	0.002979204	3.55E-06	15
223.119	54.316	19	45	53H0	0.002979204	3.55E-06	16
87.277	65.182	19	40	53H0	0.002647496	3.16E-06	17
423.966	34.12	19	40	53H0	0.002647496	3.16E-06	18
244.617	82.542	19	45	53H0	0.002979204	3.55E-06	19
97.388	99.672	19	45	53H0	0.002979204	3.55E-06	20
129.657	88.314	19	45	53H0	0.002979204	3.55E-06	21
187.889	78.117	19	50	53H0	0.003311083	3.95E-06	22
221.3	75.243	19	45	53H0	0.002979204	3.55E-06	23
129.234	57.257	19	45	53H0	0.002979204	3.55E-06	24
34.051	55.047	19	45	53H0	0.002979204	3.55E-06	25
82.203	44.619	19	45	53H0	0.002979204	3.55E-06	26
240.702	30.435	19	40	53H0	0.002647496	3.16E-06	27
117.78	43.666	19	40	53H0	0.002647496	3.16E-06	28
78.617	32.787	19	40	53H0	0.002647496	3.16E-06	29
1152.504	31.451	19	45	53H0	0.002979204	3.55E-06	30
262.635	39.362	19	45	53H0	0.002979204	3.55E-06	31
406.781	43.405	19	45	53H0	0.002979204	3.55E-06	32
215.561	29.35	19	45	53H0	0.002979204	3.55E-06	33
997.525	59.126	19	50	53H0	0.003311083	3.95E-06	34
348.599	71.205	19	55	53H0	0.003643134	4.35E-06	35
110.944	21.233	19	55	53H0	0.003643134	4.35E-06	36
533.946	33.838	19	55	53H0	0.003643134	4.35E-06	37
533.824	30.138	19	60	53H0	0.003975356	4.74E-06	38
203.883	47.857	19	55	53H0	0.003643134	4.35E-06	39
860.426	37.609	19	60	53H0	0.003975356	4.74E-06	40
931.963	71.962	19	60	53H0	0.003975356	4.74E-06	41
794.232	46.644	19	60	53H0	0.003975356	4.74E-06	42
414.197	49.699	19	60	53H0	0.003975356	4.74E-06	43
217.681	31.747	19	55	53H0	0.003643134	4.35E-06	44
696.778	38.665	19	60	53H0	0.003975356	4.74E-06	45
169.129	51.328	19	55	53H0	0.003643134	4.35E-06	46
226.849	38.495	19	55	53H0	0.003643134	4.35E-06	47
351.584	47.488	19	75	53H0	0.004973049	5.93E-06	48
425.091	47.227	19	65	53H0	0.004307749	5.14E-06	49
440.277	25.696	19	60	53H0	0.003975356	4.74E-06	50
NA	NA	19	NA	53H0	837.9228112	0.999788583	51
NA	NA	20	NA	53H1	126.59998	0.999999842	1
NA	NA	20	NA	53H1	1.00E-05	7.90E-08	2
NA	NA	20	NA	53H1	1.00E-05	7.90E-08	3
NA	NA	21	NA	54G7	13.19998	0.999998485	1
NA	NA	21	NA	54G7	1.00E-05	7.58E-07	2
NA	NA	21	NA	54G7	1.00E-05	7.58E-07	3
146.897	323.861	22	70	54G8	0.004640313	7.23E-06	1
42.276	586.144	22	75	54G8	0.004973049	7.74E-06	2
165.063	191.689	22	85	54G8	0.005639035	8.78E-06	3
93.073	363.435	22	70	54G8	0.004640313	7.23E-06	4
18.307	264.244	22	75	54G8	0.004973049	7.74E-06	5
72.164	212.382	22	85	54G8	0.005639035	8.78E-06	6
135.441	180.727	22	110	54G8	0.007306997	1.14E-05	7
162.295	214.36	22	105	54G8	0.006973062	1.09E-05	8
15.316	259.865	22	90	54G8	0.005972285	9.30E-06	9
9.083	214.828	22	90	54G8	0.005972285	9.30E-06	10
42.249	154.262	22	90	54G8	0.005972285	9.30E-06	11
45.214	216.513	22	90	54G8	0.005972285	9.30E-06	12
182.603	195.816	22	95	54G8	0.006305706	9.82E-06	13
362.375	17.224	22	55	54G8	0.003643134	5.67E-06	14
373.566	13.49	22	55	54G8	0.003643134	5.67E-06	15
429.945	7.2	22	50	54G8	0.003311083	5.16E-06	16
230.776	9.854	22	60	54G8	0.003975356	6.19E-06	17
309.133	9.652	22	90	54G8	0.005972285	9.30E-06	18
358.354	9.842	22	50	54G8	0.003311083	5.16E-06	19
340.426	12.931	22	55	54G8	0.003643134	5.67E-06	20
533.281	11.482	22	65	54G8	0.004307749	6.71E-06	21
386.449	15.447	22	60	54G8	0.003975356	6.19E-06	22
328.026	23.982	22	55	54G8	0.003643134	5.67E-06	23
327.269	51.837	22	55	54G8	0.003643134	5.67E-06	24
743.608	46.757	22	50	54G8	0.003311083	5.16E-06	25
651.647	70.12	22	55	54G8	0.003643134	5.67E-06	26
633.654	62.828	22	45	54G8	0.002979204	4.64E-06	27
615.959	48.432	22	40	54G8	0.002647496	4.12E-06	28
NA	NA	22	NA	54G8	642.0693708	0.999796591	29
85.77	200.362	23	95	54G9	0.006305706	7.65E-06	1
13.058	243.805	23	100	54G9	0.006639298	8.06E-06	2
141.996	281.178	23	95	54G9	0.006305706	7.65E-06	3
60.638	202.422	23	85	54G9	0.005639035	6.84E-06	4
167.193	192.998	23	80	54G9	0.005305956	6.44E-06	5
208.715	285.193	23	75	54G9	0.004973049	6.03E-06	6
160.754	239.87	23	75	54G9	0.004973049	6.03E-06	7
92.804	208.361	23	75	54G9	0.004973049	6.03E-06	8
216.989	131.159	23	80	54G9	0.005305956	6.44E-06	9
176.535	128.814	23	80	54G9	0.005305956	6.44E-06	10
62.452	134.951	23	75	54G9	0.004973049	6.03E-06	11
270.415	132.176	23	75	54G9	0.004973049	6.03E-06	12
41.838	235.067	23	75	54G9	0.004973049	6.03E-06	13
516.884	257.014	23	75	54G9	0.004973049	6.03E-06	14
108.369	312.113	23	65	54G9	0.004307749	5.23E-06	15
161.369	305.396	23	65	54G9	0.004307749	5.23E-06	16
22.685	231.313	23	65	54G9	0.004307749	5.23E-06	17
33.612	217.44	23	65	54G9	0.004307749	5.23E-06	18
278.269	192.411	23	65	54G9	0.004307749	5.23E-06	19
102.97	178.768	23	65	54G9	0.004307749	5.23E-06	20
75.51	157.09	23	60	54G9	0.003975356	4.82E-06	21
192.605	140.369	23	60	54G9	0.003975356	4.82E-06	22
122.301	146.109	23	60	54G9	0.003975356	4.82E-06	23
278.433	121.676	23	60	54G9	0.003975356	4.82E-06	24
594.067	62.297	23	55	54G9	0.003643134	4.42E-06	25
83.031	179.717	23	55	54G9	0.003643134	4.42E-06	26
88.701	310.955	23	55	54G9	0.003643134	4.42E-06	27
10.609	257.966	23	55	54G9	0.003643134	4.42E-06	28
175.223	521.735	23	50	54G9	0.003311083	4.02E-06	29
74.068	172.307	23	50	54G9	0.003311083	4.02E-06	30
299.008	6.408	23	60	54G9	0.003975356	4.82E-06	31
307.586	9.665	23	70	54G9	0.004640313	5.63E-06	32
335.255	12.101	23	60	54G9	0.003975356	4.82E-06	33
308.03	7.637	23	55	54G9	0.003643134	4.42E-06	34
541.498	15.612	23	55	54G9	0.003643134	4.42E-06	35
675.418	13.145	23	70	54G9	0.004640313	5.63E-06	36
577.254	21.14	23	70	54G9	0.004640313	5.63E-06	37
545.975	23.482	23	65	54G9	0.004307749	5.23E-06	38
512.753	21.582	23	60	54G9	0.003975356	4.82E-06	39
399.465	22.019	23	60	54G9	0.003975356	4.82E-06	40
312.437	24.916	23	65	54G9	0.004307749	5.23E-06	41
249.211	17.874	23	65	54G9	0.004307749	5.23E-06	42
429.176	14.631	23	60	54G9	0.003975356	4.82E-06	43
352.452	19.442	23	70	54G9	0.004640313	5.63E-06	44
443.901	26.126	23	75	54G9	0.004973049	6.03E-06	45
405.942	21.659	23	55	54G9	0.003643134	4.42E-06	46
430.874	15.958	23	55	54G9	0.003643134	4.42E-06	47
394.536	14.124	23	55	54G9	0.003643134	4.42E-06	48
273.245	15.001	23	55	54G9	0.003643134	4.42E-06	49
343.896	26.921	23	55	54G9	0.003643134	4.42E-06	50
457.916	32.117	23	80	54G9	0.005305956	6.44E-06	51
345.717	24.181	23	55	54G9	0.003643134	4.42E-06	52
345.023	16.374	23	85	54G9	0.005639035	6.84E-06	53
295.022	22.523	23	90	54G9	0.005972285	7.25E-06	54
244.674	13.635	23	85	54G9	0.005639035	6.84E-06	55
384.45	23.119	23	55	54G9	0.003643134	4.42E-06	56
367.987	21.408	23	55	54G9	0.003643134	4.42E-06	57
363.057	25.354	23	55	54G9	0.003643134	4.42E-06	58
289.37	23.537	23	50	54G9	0.003311083	4.02E-06	59
313.258	14.842	23	55	54G9	0.003643134	4.42E-06	60
350.147	11.866	23	60	54G9	0.003975356	4.82E-06	61
266.746	15.665	23	50	54G9	0.003311083	4.02E-06	62
256.245	16.224	23	55	54G9	0.003643134	4.42E-06	63
NA	NA	23	NA	54G9	823.9245895	0.999665845	64
918.335	190.54	24	50	54H0	0.003311083	4.55E-06	1
298.677	149.632	24	50	54H0	0.003311083	4.55E-06	2
350.258	29.534	24	50	54H0	0.003311083	4.55E-06	3
150.567	60.451	24	45	54H0	0.002979204	4.09E-06	4
233.748	57.002	24	45	54H0	0.002979204	4.09E-06	5
101.544	29.363	24	45	54H0	0.002979204	4.09E-06	6
237.453	50.604	24	45	54H0	0.002979204	4.09E-06	7
367.233	43.5	24	45	54H0	0.002979204	4.09E-06	8
395.81	66.766	24	45	54H0	0.002979204	4.09E-06	9
679.128	55.997	24	40	54H0	0.002647496	3.64E-06	10
302.654	73.717	24	40	54H0	0.002647496	3.64E-06	11
279.575	59.646	24	40	54H0	0.002647496	3.64E-06	12
263.214	120.504	24	40	54H0	0.002647496	3.64E-06	13
706.792	125.833	24	40	54H0	0.002647496	3.64E-06	14
404.896	290.057	24	40	54H0	0.002647496	3.64E-06	15
896.558	114.232	24	45	54H0	0.002979204	4.09E-06	16
1016.845	64.878	24	40	54H0	0.002647496	3.64E-06	17
743.481	32.723	24	40	54H0	0.002647496	3.64E-06	18
384.762	53.648	24	40	54H0	0.002647496	3.64E-06	19
1870.035	47.068	24	40	54H0	0.002647496	3.64E-06	20
639.877	126.905	24	45	54H0	0.002979204	4.09E-06	21
961.631	39.946	24	40	54H0	0.002647496	3.64E-06	22
810.766	0	24	25	54H0	0.0016534	2.27E-06	23
999.128	0	24	30	54H0	0.001984594	2.73E-06	24
1599.856	0	24	30	54H0	0.001984594	2.73E-06	25
863.4	0	24	25	54H0	0.0016534	2.27E-06	26
461.821	0	24	30	54H0	0.001984594	2.73E-06	27
2564.001	0	24	25	54H0	0.0016534	2.27E-06	28
1954.343	0	24	25	54H0	0.0016534	2.27E-06	29
3972.293	0	24	25	54H0	0.0016534	2.27E-06	30
692.864	0	24	25	54H0	0.0016534	2.27E-06	31
182.333	0	24	25	54H0	0.0016534	2.27E-06	32
491.963	0	24	25	54H0	0.0016534	2.27E-06	33
206.38	0	24	20	54H0	0.001322377	1.82E-06	34
31.751	0	24	15	54H0	0.000991526	1.36E-06	35
548.265	0	24	25	54H0	0.0016534	2.27E-06	36
182.698	0	24	25	54H0	0.0016534	2.27E-06	37
1457.293	0	24	25	54H0	0.0016534	2.27E-06	38
1505.069	0	24	30	54H0	0.001984594	2.73E-06	39
1068.236	0	24	25	54H0	0.0016534	2.27E-06	40
489.25	0	24	25	54H0	0.0016534	2.27E-06	41
3619.295	0	24	25	54H0	0.0016534	2.27E-06	42
2957.189	6.17	24	35	54H0	0.002315959	3.18E-06	43
2212.773	13.754	24	35	54H0	0.002315959	3.18E-06	44
391.795	15.652	24	35	54H0	0.002315959	3.18E-06	45
967.58	13.764	24	40	54H0	0.002647496	3.64E-06	46
497.018	10.099	24	35	54H0	0.002315959	3.18E-06	47
203.987	20.647	24	50	54H0	0.003311083	4.55E-06	48
492.379	23.519	24	45	54H0	0.002979204	4.09E-06	49
818.813	18.828	24	50	54H0	0.003311083	4.55E-06	50
429.176	12.669	24	50	54H0	0.003311083	4.55E-06	51
284.438	52.332	24	50	54H0	0.003311083	4.55E-06	52
187.919	14.123	24	50	54H0	0.003311083	4.55E-06	53
286.412	11.14	24	55	54H0	0.003643134	5.00E-06	54
139.834	11.371	24	55	54H0	0.003643134	5.00E-06	55
242.8	23.3	24	50	54H0	0.003311083	4.55E-06	56
247.656	31.403	24	60	54H0	0.003975356	5.46E-06	57
204.706	33.355	24	110	54H0	0.007306997	1.00E-05	58
NA	NA	24	NA	54H0	727.7503851	0.999794457	59
NA	NA	25	NA	55G8	103.59998	0.999999807	1
NA	NA	25	NA	55G8	1.00E-05	9.65E-08	2
NA	NA	25	NA	55G8	1.00E-05	9.65E-08	3
33.902	264.215	26	75	55G9	0.004973049	7.95E-06	1
7.796	267.912	26	70	55G9	0.004640313	7.42E-06	2
1267.416	245.355	26	70	55G9	0.004640313	7.42E-06	3
301.516	318.582	26	90	55G9	0.005972285	9.55E-06	4
88.159	333.487	26	85	55G9	0.005639035	9.01E-06	5
54.927	316.591	26	85	55G9	0.005639035	9.01E-06	6
47.025	582.219	26	65	55G9	0.004307749	6.89E-06	7
249.529	584.294	26	80	55G9	0.005305956	8.48E-06	8
337.611	141.317	26	85	55G9	0.005639035	9.01E-06	9
56.849	110.002	26	90	55G9	0.005972285	9.55E-06	10
33.737	176.486	26	60	55G9	0.003975356	6.35E-06	11
8.634	116.986	26	100	55G9	0.006639298	1.06E-05	12
247.935	210.185	26	100	55G9	0.006639298	1.06E-05	13
13.053	247.196	26	70	55G9	0.004640313	7.42E-06	14
99.98	190.944	26	90	55G9	0.005972285	9.55E-06	15
14.933	227.468	26	90	55G9	0.005972285	9.55E-06	16
155.606	229.552	26	60	55G9	0.003975356	6.35E-06	17
40.41	212.954	26	85	55G9	0.005639035	9.01E-06	18
30.012	206.058	26	85	55G9	0.005639035	9.01E-06	19
28.698	208.625	26	60	55G9	0.003975356	6.35E-06	20
275.273	173.293	26	70	55G9	0.004640313	7.42E-06	21
31.541	150.692	26	70	55G9	0.004640313	7.42E-06	22
92.168	180.346	26	70	55G9	0.004640313	7.42E-06	23
16.112	236.111	26	70	55G9	0.004640313	7.42E-06	24
12.866	277.349	26	65	55G9	0.004307749	6.89E-06	25
32.676	281.394	26	65	55G9	0.004307749	6.89E-06	26
83.165	163.791	26	60	55G9	0.003975356	6.35E-06	27
259.472	218.887	26	50	55G9	0.003311083	5.29E-06	28
333.335	171.898	26	50	55G9	0.003311083	5.29E-06	29
51.517	225.992	26	45	55G9	0.002979204	4.76E-06	30
59.651	434.656	26	45	55G9	0.002979204	4.76E-06	31
258.299	159.64	26	45	55G9	0.002979204	4.76E-06	32
270.884	15.951	26	60	55G9	0.003975356	6.35E-06	33
345.374	17.887	26	60	55G9	0.003975356	6.35E-06	34
384.014	29.458	26	60	55G9	0.003975356	6.35E-06	35
372.511	29.225	26	65	55G9	0.004307749	6.89E-06	36
309.396	22.805	26	65	55G9	0.004307749	6.89E-06	37
270.74	19.825	26	60	55G9	0.003975356	6.35E-06	38
233.732	23.859	26	60	55G9	0.003975356	6.35E-06	39
435.232	27.854	26	55	55G9	0.003643134	5.82E-06	40
370.82	21.338	26	50	55G9	0.003311083	5.29E-06	41
272.118	49.126	26	55	55G9	0.003643134	5.82E-06	42
328.354	27.649	26	55	55G9	0.003643134	5.82E-06	43
250.656	21.023	26	55	55G9	0.003643134	5.82E-06	44
413.739	21.462	26	65	55G9	0.004307749	6.89E-06	45
268.285	23.756	26	65	55G9	0.004307749	6.89E-06	46
239.472	38.705	26	65	55G9	0.004307749	6.89E-06	47
429.665	31.882	26	60	55G9	0.003975356	6.35E-06	48
380.184	53.922	26	65	55G9	0.004307749	6.89E-06	49
419.39	56.385	26	70	55G9	0.004640313	7.42E-06	50
265.656	56.833	26	65	55G9	0.004307749	6.89E-06	51
243.34	53.044	26	65	55G9	0.004307749	6.89E-06	52
282.237	74.773	26	65	55G9	0.004307749	6.89E-06	53
303.865	108.914	26	70	55G9	0.004640313	7.42E-06	54
294.303	94.613	26	55	55G9	0.003643134	5.82E-06	55
243.782	81.67	26	75	55G9	0.004973049	7.95E-06	56
293.551	116.576	26	70	55G9	0.004640313	7.42E-06	57
297.934	109.287	26	75	55G9	0.004973049	7.95E-06	58
288.615	100.498	26	55	55G9	0.003643134	5.82E-06	59
265.879	91.268	26	75	55G9	0.004973049	7.95E-06	60
140.147	101.327	26	75	55G9	0.004973049	7.95E-06	61
175.729	120.413	26	85	55G9	0.005639035	9.01E-06	62
42.609	177.956	26	85	55G9	0.005639035	9.01E-06	63
52.294	165.626	26	85	55G9	0.005639035	9.01E-06	64
96.921	193.165	26	85	55G9	0.005639035	9.01E-06	65
75.154	219.263	26	80	55G9	0.005305956	8.48E-06	66
69.891	342.879	26	75	55G9	0.004973049	7.95E-06	67
168.796	241.002	26	75	55G9	0.004973049	7.95E-06	68
91.445	248.435	26	75	55G9	0.004973049	7.95E-06	69
NA	NA	26	NA	55G9	625.2831053	0.999493455	70
47.134	107.795	27	55	55H0	0.003643134	5.29E-06	1
288.841	149.56	27	50	55H0	0.003311083	4.81E-06	2
185.944	49.935	27	50	55H0	0.003311083	4.81E-06	3
395.079	24.052	27	50	55H0	0.003311083	4.81E-06	4
243.444	31.985	27	50	55H0	0.003311083	4.81E-06	5
657.277	11.019	27	45	55H0	0.002979204	4.33E-06	6
536.766	23.194	27	50	55H0	0.003311083	4.81E-06	7
302.869	12.663	27	50	55H0	0.003311083	4.81E-06	8
364.71	17.773	27	50	55H0	0.003311083	4.81E-06	9
367.88	28.306	27	60	55H0	0.003975356	5.77E-06	10
500.011	29.405	27	55	55H0	0.003643134	5.29E-06	11
205.425	12.285	27	50	55H0	0.003311083	4.81E-06	12
215.158	9.456	27	40	55H0	0.002647496	3.84E-06	13
166.058	7.722	27	35	55H0	0.002315959	3.36E-06	14
661.615	0	27	30	55H0	0.001984594	2.88E-06	15
474.904	1.783	27	35	55H0	0.002315959	3.36E-06	16
480.347	7.01	27	40	55H0	0.002647496	3.84E-06	17
452.832	1.192	27	35	55H0	0.002315959	3.36E-06	18
650.294	5.053	27	35	55H0	0.002315959	3.36E-06	19
519.44	5.493	27	35	55H0	0.002315959	3.36E-06	20
748.194	10.516	27	35	55H0	0.002315959	3.36E-06	21
2083.99	0	27	30	55H0	0.001984594	2.88E-06	22
645.546	1.192	27	35	55H0	0.002315959	3.36E-06	23
569.866	3.998	27	45	55H0	0.002979204	4.33E-06	24
515.367	4.973	27	45	55H0	0.002979204	4.33E-06	25
438.917	7.29	27	45	55H0	0.002979204	4.33E-06	26
836.918	5.347	27	50	55H0	0.003311083	4.81E-06	27
682.553	9.006	27	45	55H0	0.002979204	4.33E-06	28
344.248	9.377	27	45	55H0	0.002979204	4.33E-06	29
559.327	13.487	27	45	55H0	0.002979204	4.33E-06	30
1073.255	9.547	27	50	55H0	0.003311083	4.81E-06	31
817.285	9.98	27	35	55H0	0.002315959	3.36E-06	32
1054.322	1.657	27	35	55H0	0.002315959	3.36E-06	33
1107.745	27.341	27	45	55H0	0.002979204	4.33E-06	34
888.229	2.4	27	35	55H0	0.002315959	3.36E-06	35
1544.094	4.427	27	35	55H0	0.002315959	3.36E-06	36
1095.706	5.234	27	40	55H0	0.002647496	3.84E-06	37
1464.043	7.181	27	40	55H0	0.002647496	3.84E-06	38
895.567	17.739	27	40	55H0	0.002647496	3.84E-06	39
1236.493	14.263	27	45	55H0	0.002979204	4.33E-06	40
1096.187	31.182	27	50	55H0	0.003311083	4.81E-06	41
1274.083	34.682	27	50	55H0	0.003311083	4.81E-06	42
926.373	31.908	27	45	55H0	0.002979204	4.33E-06	43
569.75	29.44	27	50	55H0	0.003311083	4.81E-06	44
1820.562	34.832	27	45	55H0	0.002979204	4.33E-06	45
846.157	17.024	27	50	55H0	0.003311083	4.81E-06	46
732.22	14.426	27	45	55H0	0.002979204	4.33E-06	47
604.535	30.457	27	55	55H0	0.003643134	5.29E-06	48
589.193	36.57	27	50	55H0	0.003311083	4.81E-06	49
721.274	25.508	27	50	55H0	0.003311083	4.81E-06	50
478.264	19.68	27	50	55H0	0.003311083	4.81E-06	51
417.245	12.385	27	55	55H0	0.003643134	5.29E-06	52
383.347	8.957	27	60	55H0	0.003975356	5.77E-06	53
NA	NA	27	NA	55H0	688.4427557	0.999771646	54
NA	NA	28	NA	55H1	86.69998	0.999999769	1
NA	NA	28	NA	55H1	1.00E-05	1.15E-07	2
NA	NA	28	NA	55H1	1.00E-05	1.15E-07	3
