ch1	ch2	Rec	meanD	Rec2	Ae	pA	LOG
268.723466	1.520648	1	35	50G7	0.002315959	5.75E-06	1
272.558054	2.219274	1	35	50G7	0.002315959	5.75E-06	2
302.23535	4.292878	1	35	50G7	0.002315959	5.75E-06	3
240.077389	1.308216	1	35	50G7	0.002315959	5.75E-06	4
261.364085	0	1	35	50G7	0.002315959	5.75E-06	5
381.844794	0	1	30	50G7	0.001984594	4.92E-06	6
489.152863	0	1	30	50G7	0.001984594	4.92E-06	7
546.748326	0	1	30	50G7	0.001984594	4.92E-06	8
755.027253	0	1	25	50G7	0.0016534	4.10E-06	9
869.588955	0	1	30	50G7	0.001984594	4.92E-06	10
581.082946	6.218979	1	35	50G7	0.002315959	5.75E-06	11
467.424997	110.088033	1	35	50G7	0.002315959	5.75E-06	12
231.113252	135.327134	1	35	50G7	0.002315959	5.75E-06	13
116.543255	52.883459	1	35	50G7	0.002315959	5.75E-06	14
123.270219	35.153483	1	35	50G7	0.002315959	5.75E-06	15
171.821965	60.643622	1	35	50G7	0.002315959	5.75E-06	16
105.63902	28.793654	1	35	50G7	0.002315959	5.75E-06	17
115.946927	14.858834	1	35	50G7	0.002315959	5.75E-06	18
89.174182	11.409629	1	35	50G7	0.002315959	5.75E-06	19
74.705255	49.277154	1	35	50G7	0.002315959	5.75E-06	20
NA	NA	1	NA	50G7	403.0556688	0.999890024	21
214.534876	76.482647	2	40	50G8	0.002647496	3.18E-06	1
358.464197	96.189211	2	35	50G8	0.002315959	2.78E-06	2
78.179981	46.696995	2	35	50G8	0.002315959	2.78E-06	3
254.207496	28.570183	2	35	50G8	0.002315959	2.78E-06	4
439.903097	29.626934	2	35	50G8	0.002315959	2.78E-06	5
135.739122	0	2	30	50G8	0.001984594	2.38E-06	6
100.467467	0	2	30	50G8	0.001984594	2.38E-06	7
88.497781	0	2	30	50G8	0.001984594	2.38E-06	8
129.583249	0	2	35	50G8	0.002315959	2.78E-06	9
119.163607	0	2	30	50G8	0.001984594	2.38E-06	10
646.945941	0	2	30	50G8	0.001984594	2.38E-06	11
329.233234	0	2	30	50G8	0.001984594	2.38E-06	12
115.627044	0	2	30	50G8	0.001984594	2.38E-06	13
530.814893	15.98401	2	35	50G8	0.002315959	2.78E-06	14
37.330179	67.957853	2	35	50G8	0.002315959	2.78E-06	15
94.94012	9.78704	2	35	50G8	0.002315959	2.78E-06	16
230.681472	0	2	30	50G8	0.001984594	2.38E-06	17
189.896301	0	2	25	50G8	0.0016534	1.98E-06	18
292.476427	0	2	30	50G8	0.001984594	2.38E-06	19
23.209449	0	2	25	50G8	0.0016534	1.98E-06	20
679.61122	0	2	25	50G8	0.0016534	1.98E-06	21
1051.366994	0	2	30	50G8	0.001984594	2.38E-06	22
1153.199282	0	2	25	50G8	0.0016534	1.98E-06	23
1097.585039	2.770307	2	40	50G8	0.002647496	3.18E-06	24
1360.608152	37.517721	2	40	50G8	0.002647496	3.18E-06	25
493.539667	33.902327	2	45	50G8	0.002979204	3.57E-06	26
336.759742	30.396704	2	45	50G8	0.002979204	3.57E-06	27
332.163316	21.430048	2	45	50G8	0.002979204	3.57E-06	28
330.239965	42.074297	2	45	50G8	0.002979204	3.57E-06	29
650.350447	49.241346	2	45	50G8	0.002979204	3.57E-06	30
521.222096	40.32685	2	45	50G8	0.002979204	3.57E-06	31
464.997912	46.247953	2	45	50G8	0.002979204	3.57E-06	32
641.774457	43.118742	2	40	50G8	0.002647496	3.18E-06	33
678.134511	18.414385	2	40	50G8	0.002647496	3.18E-06	34
492.461683	0	2	30	50G8	0.001984594	2.38E-06	35
666.732775	0	2	30	50G8	0.001984594	2.38E-06	36
606.470132	0	2	30	50G8	0.001984594	2.38E-06	37
614.277015	31.451213	2	40	50G8	0.002647496	3.18E-06	38
534.821693	79.393365	2	40	50G8	0.002647496	3.18E-06	39
506.103965	103.233262	2	40	50G8	0.002647496	3.18E-06	40
594.425347	45.385541	2	40	50G8	0.002647496	3.18E-06	41
860.195215	9.537744	2	35	50G8	0.002315959	2.78E-06	42
778.398409	61.417506	2	40	50G8	0.002647496	3.18E-06	43
848.907535	140.829276	2	45	50G8	0.002979204	3.57E-06	44
1036.170559	40.917958	2	40	50G8	0.002647496	3.18E-06	45
943.821668	2.350479	2	35	50G8	0.002315959	2.78E-06	46
993.919585	0	2	30	50G8	0.001984594	2.38E-06	47
929.176486	8.532697	2	35	50G8	0.002315959	2.78E-06	48
846.45326	0	2	30	50G8	0.001984594	2.38E-06	49
866.188576	19.084723	2	40	50G8	0.002647496	3.18E-06	50
989.591429	122.622431	2	50	50G8	0.003311083	3.97E-06	51
583.674409	29.139519	2	75	50G8	0.004973049	5.97E-06	52
441.403229	24.638423	2	75	50G8	0.004973049	5.97E-06	53
382.97403	18.432686	2	75	50G8	0.004973049	5.97E-06	54
346.320346	26.130259	2	50	50G8	0.003311083	3.97E-06	55
NA	NA	2	NA	50G8	833.260997	0.99983321	56
393.581071	111.01033	3	40	50G9	0.002647496	3.01E-06	1
353.498711	154.128019	3	40	50G9	0.002647496	3.01E-06	2
280.768957	154.335241	3	45	50G9	0.002979204	3.39E-06	3
216.437018	127.194222	3	40	50G9	0.002647496	3.01E-06	4
187.209808	136.684451	3	40	50G9	0.002647496	3.01E-06	5
221.398757	156.665822	3	40	50G9	0.002647496	3.01E-06	6
221.553471	165.960683	3	50	50G9	0.003311083	3.76E-06	7
141.480623	240.345242	3	45	50G9	0.002979204	3.39E-06	8
120.562698	205.610526	3	45	50G9	0.002979204	3.39E-06	9
256.240861	140.98584	3	40	50G9	0.002647496	3.01E-06	10
168.15973	260.385188	3	45	50G9	0.002979204	3.39E-06	11
139.344322	217.388757	3	50	50G9	0.003311083	3.76E-06	12
152.660802	141.712648	3	40	50G9	0.002647496	3.01E-06	13
305.15673	113.259604	3	45	50G9	0.002979204	3.39E-06	14
210.159467	188.201546	3	45	50G9	0.002979204	3.39E-06	15
256.091335	100.316048	3	45	50G9	0.002979204	3.39E-06	16
310.873984	105.833413	3	45	50G9	0.002979204	3.39E-06	17
97.042007	108.91881	3	40	50G9	0.002647496	3.01E-06	18
142.777535	116.210621	3	45	50G9	0.002979204	3.39E-06	19
141.183701	217.326562	3	45	50G9	0.002979204	3.39E-06	20
202.152321	240.709923	3	40	50G9	0.002647496	3.01E-06	21
172.625982	94.669769	3	40	50G9	0.002647496	3.01E-06	22
365.246723	290.581254	3	50	50G9	0.003311083	3.76E-06	23
186.32436	85.154575	3	45	50G9	0.002979204	3.39E-06	24
1283.652611	132.708574	3	40	50G9	0.002647496	3.01E-06	25
255.697667	78.951244	3	45	50G9	0.002979204	3.39E-06	26
397.105288	47.37618	3	35	50G9	0.002315959	2.63E-06	27
318.800002	23.422435	3	35	50G9	0.002315959	2.63E-06	28
582.669756	20.122366	3	40	50G9	0.002647496	3.01E-06	29
535.515522	31.88591	3	40	50G9	0.002647496	3.01E-06	30
401.20905	25.113213	3	70	50G9	0.004640313	5.28E-06	31
447.36274	31.433969	3	70	50G9	0.004640313	5.28E-06	32
541.425753	22.612853	3	70	50G9	0.004640313	5.28E-06	33
387.558124	28.93936	3	70	50G9	0.004640313	5.28E-06	34
530.458098	40.800915	3	75	50G9	0.004973049	5.65E-06	35
470.142904	45.8762	3	70	50G9	0.004640313	5.28E-06	36
413.832098	21.368938	3	70	50G9	0.004640313	5.28E-06	37
450.015866	18.764074	3	65	50G9	0.004307749	4.90E-06	38
384.703242	11.995065	3	65	50G9	0.004307749	4.90E-06	39
456.59098	8.472356	3	60	50G9	0.003975356	4.52E-06	40
474.618639	11.499321	3	60	50G9	0.003975356	4.52E-06	41
572.413319	10.05119	3	60	50G9	0.003975356	4.52E-06	42
549.974609	18.436009	3	60	50G9	0.003975356	4.52E-06	43
486.151281	18.087451	3	60	50G9	0.003975356	4.52E-06	44
704.037116	19.448362	3	60	50G9	0.003975356	4.52E-06	45
611.811903	20.201854	3	55	50G9	0.003643134	4.14E-06	46
NA	NA	3	NA	50G9	879.3463412	0.999825289	47
370.298077	25.615382	4	40	50H0	0.002647496	3.33E-06	1
319.254176	22.271122	4	35	50H0	0.002315959	2.91E-06	2
1437.525004	0	4	30	50H0	0.001984594	2.50E-06	3
549.687589	0	4	30	50H0	0.001984594	2.50E-06	4
1091.033463	0	4	30	50H0	0.001984594	2.50E-06	5
2288.586678	4.355703	4	35	50H0	0.002315959	2.91E-06	6
299.915734	0	4	35	50H0	0.002315959	2.91E-06	7
575.801774	0	4	30	50H0	0.001984594	2.50E-06	8
404.242302	12.028568	4	35	50H0	0.002315959	2.91E-06	9
653.638083	4.31	4	35	50H0	0.002315959	2.91E-06	10
418.127273	0	4	30	50H0	0.001984594	2.50E-06	11
350.545952	0	4	30	50H0	0.001984594	2.50E-06	12
374.572495	0	4	30	50H0	0.001984594	2.50E-06	13
106.972863	0	4	30	50H0	0.001984594	2.50E-06	14
253.275831	0	4	30	50H0	0.001984594	2.50E-06	15
139.894846	0	4	30	50H0	0.001984594	2.50E-06	16
1059.386457	0	4	30	50H0	0.001984594	2.50E-06	17
92.752769	0	4	25	50H0	0.0016534	2.08E-06	18
644.115116	0	4	30	50H0	0.001984594	2.50E-06	19
469.834792	0	4	30	50H0	0.001984594	2.50E-06	20
2340.554961	24.405319	4	35	50H0	0.002315959	2.91E-06	21
916.006927	12.048547	4	35	50H0	0.002315959	2.91E-06	22
679.610956	12.373408	4	35	50H0	0.002315959	2.91E-06	23
1379.706293	136.671354	4	40	50H0	0.002647496	3.33E-06	24
878.948811	74.485133	4	45	50H0	0.002979204	3.75E-06	25
487.357569	102.286467	4	55	50H0	0.003643134	4.58E-06	26
310.543965	150.433314	4	50	50H0	0.003311083	4.16E-06	27
377.961908	168.212748	4	45	50H0	0.002979204	3.75E-06	28
419.952162	65.731166	4	45	50H0	0.002979204	3.75E-06	29
179.441107	59.426422	4	45	50H0	0.002979204	3.75E-06	30
395.165766	85.551227	4	45	50H0	0.002979204	3.75E-06	31
247.013921	104.116235	4	45	50H0	0.002979204	3.75E-06	32
157.756474	89.355034	4	45	50H0	0.002979204	3.75E-06	33
86.675188	105.880253	4	45	50H0	0.002979204	3.75E-06	34
201.474278	106.224836	4	45	50H0	0.002979204	3.75E-06	35
202.56499	193.983202	4	50	50H0	0.003311083	4.16E-06	36
NA	NA	4	NA	50H0	795.0116461	0.999888877	37
NA	NA	5	NA	50H1	41.59998	0.999999519	1
NA	NA	5	NA	50H1	1.00E-05	2.40E-07	2
NA	NA	5	NA	50H1	1.00E-05	2.40E-07	3
639.388954	1.687993	6	35	51G7	0.002315959	3.77E-06	1
672.440779	17.02249	6	40	51G7	0.002647496	4.31E-06	2
537.936042	24.20682	6	40	51G7	0.002647496	4.31E-06	3
360.472975	14.238511	6	40	51G7	0.002647496	4.31E-06	4
530.924101	20.861451	6	40	51G7	0.002647496	4.31E-06	5
563.288667	28.090598	6	40	51G7	0.002647496	4.31E-06	6
925.8362	23.917557	6	40	51G7	0.002647496	4.31E-06	7
731.620734	16.612699	6	40	51G7	0.002647496	4.31E-06	8
714.540147	14.03649	6	40	51G7	0.002647496	4.31E-06	9
451.865488	10.258628	6	40	51G7	0.002647496	4.31E-06	10
622.760009	15.579548	6	35	51G7	0.002315959	3.77E-06	11
602.45711	5.07267	6	35	51G7	0.002315959	3.77E-06	12
633.587612	0	6	30	51G7	0.001984594	3.23E-06	13
484.264587	7.705975	6	35	51G7	0.002315959	3.77E-06	14
706.242634	6.53185	6	35	51G7	0.002315959	3.77E-06	15
923.583815	20.618822	6	40	51G7	0.002647496	4.31E-06	16
624.729301	25.572975	6	40	51G7	0.002647496	4.31E-06	17
612.159924	39.080564	6	40	51G7	0.002647496	4.31E-06	18
482.322993	21.397023	6	40	51G7	0.002647496	4.31E-06	19
648.931313	41.195893	6	40	51G7	0.002647496	4.31E-06	20
673.332402	45.062797	6	40	51G7	0.002647496	4.31E-06	21
499.603502	39.144485	6	40	51G7	0.002647496	4.31E-06	22
571.271682	36.640062	6	40	51G7	0.002647496	4.31E-06	23
517.662059	23.67163	6	40	51G7	0.002647496	4.31E-06	24
418.825839	106.944887	6	40	51G7	0.002647496	4.31E-06	25
387.275665	73.089333	6	40	51G7	0.002647496	4.31E-06	26
207.616243	52.291096	6	40	51G7	0.002647496	4.31E-06	27
276.305834	52.753654	6	35	51G7	0.002315959	3.77E-06	28
332.961172	23.471237	6	35	51G7	0.002315959	3.77E-06	29
253.038255	10.424823	6	35	51G7	0.002315959	3.77E-06	30
NA	NA	6	NA	51G7	614.4238903	0.999876144	31
869.532424	0	7	30	51G8	0.001984594	2.30E-06	1
814.478108	0	7	30	51G8	0.001984594	2.30E-06	2
218.974072	0	7	30	51G8	0.001984594	2.30E-06	3
62.58627	3.812588	7	35	51G8	0.002315959	2.68E-06	4
100.52414	17.112775	7	35	51G8	0.002315959	2.68E-06	5
10.299865	88.635395	7	40	51G8	0.002647496	3.07E-06	6
11.956058	84.351298	7	40	51G8	0.002647496	3.07E-06	7
21.140647	157.100859	7	40	51G8	0.002647496	3.07E-06	8
24.785282	208.713188	7	45	51G8	0.002979204	3.45E-06	9
27.746819	283.756756	7	45	51G8	0.002979204	3.45E-06	10
76.184924	279.674033	7	45	51G8	0.002979204	3.45E-06	11
6.255044	157.239899	7	45	51G8	0.002979204	3.45E-06	12
11.989368	124.250216	7	45	51G8	0.002979204	3.45E-06	13
12.111584	98.120717	7	45	51G8	0.002979204	3.45E-06	14
20.354771	262.24654	7	45	51G8	0.002979204	3.45E-06	15
35.405644	376.468917	7	40	51G8	0.002647496	3.07E-06	16
9.226112	35.798971	7	40	51G8	0.002647496	3.07E-06	17
25.029566	29.867147	7	45	51G8	0.002979204	3.45E-06	18
7.405556	65.674261	7	45	51G8	0.002979204	3.45E-06	19
83.397382	115.410986	7	45	51G8	0.002979204	3.45E-06	20
12.155941	57.646704	7	45	51G8	0.002979204	3.45E-06	21
69.227007	115.949512	7	40	51G8	0.002647496	3.07E-06	22
13.330085	100.943858	7	40	51G8	0.002647496	3.07E-06	23
14.102303	35.683239	7	40	51G8	0.002647496	3.07E-06	24
106.259929	0.444642	7	35	51G8	0.002315959	2.68E-06	25
499.023368	0.726327	7	35	51G8	0.002315959	2.68E-06	26
459.266341	53.702756	7	35	51G8	0.002315959	2.68E-06	27
90.171754	29.440881	7	40	51G8	0.002647496	3.07E-06	28
55.910926	83.464096	7	40	51G8	0.002647496	3.07E-06	29
80.436539	17.227737	7	40	51G8	0.002647496	3.07E-06	30
57.612505	54.224209	7	40	51G8	0.002647496	3.07E-06	31
31.592168	77.196843	7	40	51G8	0.002647496	3.07E-06	32
64.986622	347.649357	7	40	51G8	0.002647496	3.07E-06	33
597.131217	29.128145	7	55	51G8	0.003643134	4.22E-06	34
537.640078	31.016329	7	50	51G8	0.003311083	3.83E-06	35
833.861007	36.975582	7	45	51G8	0.002979204	3.45E-06	36
654.496182	31.070911	7	40	51G8	0.002647496	3.07E-06	37
567.597695	12.448681	7	40	51G8	0.002647496	3.07E-06	38
651.908685	11.603438	7	40	51G8	0.002647496	3.07E-06	39
1129.892368	68.407545	7	45	51G8	0.002979204	3.45E-06	40
982.535465	58.959987	7	40	51G8	0.002647496	3.07E-06	41
1089.9664	61.922186	7	45	51G8	0.002979204	3.45E-06	42
467.571423	15.102885	7	45	51G8	0.002979204	3.45E-06	43
728.468431	7.492762	7	40	51G8	0.002647496	3.07E-06	44
1155.405771	17.171041	7	40	51G8	0.002647496	3.07E-06	45
1181.86489	18.45981	7	40	51G8	0.002647496	3.07E-06	46
1024.25691	2.712939	7	35	51G8	0.002315959	2.68E-06	47
1103.372834	0	7	30	51G8	0.001984594	2.30E-06	48
1004.543141	0	7	30	51G8	0.001984594	2.30E-06	49
848.608248	0	7	30	51G8	0.001984594	2.30E-06	50
1080.230635	0	7	30	51G8	0.001984594	2.30E-06	51
1398.867991	0	7	30	51G8	0.001984594	2.30E-06	52
1976.878884	0	7	30	51G8	0.001984594	2.30E-06	53
1322.016116	0	7	25	51G8	0.0016534	1.91E-06	54
1888.516093	0	7	30	51G8	0.001984594	2.30E-06	55
NA	NA	7	NA	51G8	863.5573652	0.999834856	56
39.278673	40.687728	8	45	51G9	0.002979204	3.44E-06	1
175.952739	119.703241	8	40	51G9	0.002647496	3.06E-06	2
38.809647	53.72464	8	40	51G9	0.002647496	3.06E-06	3
95.081205	113.142334	8	40	51G9	0.002647496	3.06E-06	4
127.945403	204.901904	8	45	51G9	0.002979204	3.44E-06	5
110.348976	76.24997	8	45	51G9	0.002979204	3.44E-06	6
53.874679	120.420125	8	45	51G9	0.002979204	3.44E-06	7
21.887004	21.943934	8	45	51G9	0.002979204	3.44E-06	8
78.665175	109.639625	8	45	51G9	0.002979204	3.44E-06	9
137.485125	102.694587	8	45	51G9	0.002979204	3.44E-06	10
141.054644	92.118713	8	45	51G9	0.002979204	3.44E-06	11
201.832116	154.321295	8	50	51G9	0.003311083	3.82E-06	12
96.980491	157.227868	8	50	51G9	0.003311083	3.82E-06	13
239.640531	112.615033	8	50	51G9	0.003311083	3.82E-06	14
112.305434	220.834267	8	50	51G9	0.003311083	3.82E-06	15
256.881105	336.99462	8	50	51G9	0.003311083	3.82E-06	16
119.196768	278.419111	8	50	51G9	0.003311083	3.82E-06	17
248.539282	283.930921	8	50	51G9	0.003311083	3.82E-06	18
128.358645	147.95976	8	45	51G9	0.002979204	3.44E-06	19
55.167904	81.300997	8	45	51G9	0.002979204	3.44E-06	20
103.220784	108.336351	8	45	51G9	0.002979204	3.44E-06	21
105.241213	98.997311	8	50	51G9	0.003311083	3.82E-06	22
292.859259	311.368539	8	55	51G9	0.003643134	4.21E-06	23
74.229541	339.533843	8	60	51G9	0.003975356	4.59E-06	24
122.926832	339.822755	8	60	51G9	0.003975356	4.59E-06	25
90.475705	252.666607	8	65	51G9	0.004307749	4.98E-06	26
103.005158	331.841214	8	70	51G9	0.004640313	5.36E-06	27
128.120854	310.682996	8	70	51G9	0.004640313	5.36E-06	28
507.055057	30.792579	8	70	51G9	0.004640313	5.36E-06	29
NA	NA	8	NA	51G9	865.7029751	0.999887936	30
173.662882	197.849892	9	50	51H0	0.003311083	3.82E-06	1
137.13616	257.565711	9	50	51H0	0.003311083	3.82E-06	2
304.645258	251.236126	9	55	51H0	0.003643134	4.21E-06	3
514.629366	189.474966	9	55	51H0	0.003643134	4.21E-06	4
391.52811	108.904302	9	60	51H0	0.003975356	4.59E-06	5
310.038563	145.830468	9	60	51H0	0.003975356	4.59E-06	6
280.731705	389.09647	9	60	51H0	0.003975356	4.59E-06	7
819.921014	159.227369	9	65	51H0	0.004307749	4.98E-06	8
1924.476729	145.203269	9	60	51H0	0.003975356	4.59E-06	9
1056.399043	127.231535	9	65	51H0	0.004307749	4.98E-06	10
209.180391	95.762613	9	60	51H0	0.003975356	4.59E-06	11
179.795549	100.505883	9	60	51H0	0.003975356	4.59E-06	12
360.785302	111.961417	9	60	51H0	0.003975356	4.59E-06	13
400.93404	101.797833	9	60	51H0	0.003975356	4.59E-06	14
353.135621	59.204767	9	60	51H0	0.003975356	4.59E-06	15
480.424558	52.398135	9	60	51H0	0.003975356	4.59E-06	16
154.109505	28.812049	9	60	51H0	0.003975356	4.59E-06	17
458.929322	21.627066	9	65	51H0	0.004307749	4.98E-06	18
505.106343	26.169728	9	70	51H0	0.004640313	5.36E-06	19
451.797117	11.385229	9	65	51H0	0.004307749	4.98E-06	20
563.313482	33.881532	9	60	51H0	0.003975356	4.59E-06	21
807.12724	20.419892	9	65	51H0	0.004307749	4.98E-06	22
801.222967	11.673116	9	70	51H0	0.004640313	5.36E-06	23
916.313899	17.400015	9	70	51H0	0.004640313	5.36E-06	24
805.411806	20.450953	9	65	51H0	0.004307749	4.98E-06	25
935.740326	25.21712	9	70	51H0	0.004640313	5.36E-06	26
839.082923	27.269664	9	70	51H0	0.004640313	5.36E-06	27
882.357406	42.046267	9	70	51H0	0.004640313	5.36E-06	28
866.936349	36.440513	9	70	51H0	0.004640313	5.36E-06	29
1181.832416	30.141461	9	70	51H0	0.004640313	5.36E-06	30
NA	NA	9	NA	51H0	865.5754183	0.999856091	31
NA	NA	10	NA	51H1	237.29998	0.999999916	1
NA	NA	10	NA	51H1	1.00E-05	4.21E-08	2
NA	NA	10	NA	51H1	1.00E-05	4.21E-08	3
693.789351	23.590581	11	50	52G7	0.003311083	6.86E-06	1
360.925173	15.369849	11	50	52G7	0.003311083	6.86E-06	2
623.442922	16.963002	11	50	52G7	0.003311083	6.86E-06	3
375.831023	13.250911	11	45	52G7	0.002979204	6.17E-06	4
230.466308	36.587617	11	45	52G7	0.002979204	6.17E-06	5
310.579594	31.800105	11	45	52G7	0.002979204	6.17E-06	6
368.867892	90.270641	11	45	52G7	0.002979204	6.17E-06	7
252.501154	21.943372	11	40	52G7	0.002647496	5.49E-06	8
394.537704	21.387071	11	45	52G7	0.002979204	6.17E-06	9
443.469733	135.86753	11	45	52G7	0.002979204	6.17E-06	10
511.021577	51.241516	11	45	52G7	0.002979204	6.17E-06	11
322.342984	35.387761	11	40	52G7	0.002647496	5.49E-06	12
672.149975	37.714018	11	40	52G7	0.002647496	5.49E-06	13
460.710472	49.568039	11	40	52G7	0.002647496	5.49E-06	14
307.184997	40.08918	11	40	52G7	0.002647496	5.49E-06	15
467.700824	41.249757	11	45	52G7	0.002979204	6.17E-06	16
378.457233	65.934789	11	45	52G7	0.002979204	6.17E-06	17
367.691138	22.070828	11	45	52G7	0.002979204	6.17E-06	18
347.121163	48.036618	11	40	52G7	0.002647496	5.49E-06	19
566.628793	26.163991	11	40	52G7	0.002647496	5.49E-06	20
448.36411	5.899176	11	35	52G7	0.002315959	4.80E-06	21
526.058474	0.349817	11	35	52G7	0.002315959	4.80E-06	22
NA	NA	11	NA	52G7	482.5371103	0.999869686	23
59.31195	2.411797	12	35	52G8	0.002315959	2.72E-06	1
5.768296	0	12	35	52G8	0.002315959	2.72E-06	2
37.277963	0	12	25	52G8	0.0016534	1.94E-06	3
4.568303	0	12	25	52G8	0.0016534	1.94E-06	4
194.527508	0	12	25	52G8	0.0016534	1.94E-06	5
18.552241	0	12	25	52G8	0.0016534	1.94E-06	6
569.469766	0	12	25	52G8	0.0016534	1.94E-06	7
81.170261	0	12	30	52G8	0.001984594	2.33E-06	8
136.907039	7.559886	12	35	52G8	0.002315959	2.72E-06	9
104.756092	57.453279	12	35	52G8	0.002315959	2.72E-06	10
65.2493	165.080461	12	40	52G8	0.002647496	3.11E-06	11
25.552214	248.327729	12	40	52G8	0.002647496	3.11E-06	12
68.674788	207.89136	12	45	52G8	0.002979204	3.50E-06	13
230.733714	326.123261	12	45	52G8	0.002979204	3.50E-06	14
271.040662	76.931653	12	45	52G8	0.002979204	3.50E-06	15
292.902205	30.912689	12	45	52G8	0.002979204	3.50E-06	16
409.803971	19.258306	12	45	52G8	0.002979204	3.50E-06	17
503.662182	29.609701	12	45	52G8	0.002979204	3.50E-06	18
499.374209	29.589358	12	45	52G8	0.002979204	3.50E-06	19
497.280368	21.322447	12	50	52G8	0.003311083	3.89E-06	20
405.833286	18.283118	12	50	52G8	0.003311083	3.89E-06	21
463.643328	21.696284	12	50	52G8	0.003311083	3.89E-06	22
498.697026	14.209583	12	50	52G8	0.003311083	3.89E-06	23
488.658893	10.929735	12	50	52G8	0.003311083	3.89E-06	24
666.834398	20.402623	12	50	52G8	0.003311083	3.89E-06	25
442.815062	18.151369	12	50	52G8	0.003311083	3.89E-06	26
461.638741	24.878346	12	50	52G8	0.003311083	3.89E-06	27
486.367103	62.690283	12	50	52G8	0.003311083	3.89E-06	28
542.769115	20.695222	12	50	52G8	0.003311083	3.89E-06	29
NA	NA	12	NA	52G8	851.9212243	0.99990754	30
22.304998	69.980636	13	40	52G9	0.002647496	3.11E-06	1
24.283263	119.620263	13	40	52G9	0.002647496	3.11E-06	2
17.894759	48.980794	13	40	52G9	0.002647496	3.11E-06	3
46.989371	19.173452	13	40	52G9	0.002647496	3.11E-06	4
43.641652	27.110039	13	40	52G9	0.002647496	3.11E-06	5
13.851316	25.682991	13	40	52G9	0.002647496	3.11E-06	6
18.98994	53.502581	13	40	52G9	0.002647496	3.11E-06	7
17.319661	60.697071	13	45	52G9	0.002979204	3.50E-06	8
8.350422	43.382178	13	45	52G9	0.002979204	3.50E-06	9
14.512888	73.468401	13	45	52G9	0.002979204	3.50E-06	10
27.949244	190.63856	13	45	52G9	0.002979204	3.50E-06	11
21.646461	271.061908	13	45	52G9	0.002979204	3.50E-06	12
18.237736	138.022695	13	45	52G9	0.002979204	3.50E-06	13
32.295873	81.531505	13	45	52G9	0.002979204	3.50E-06	14
37.585745	224.153023	13	45	52G9	0.002979204	3.50E-06	15
28.127898	258.74463	13	45	52G9	0.002979204	3.50E-06	16
34.21624	327.131309	13	45	52G9	0.002979204	3.50E-06	17
68.545914	148.176889	13	40	52G9	0.002647496	3.11E-06	18
30.09216	128.576979	13	40	52G9	0.002647496	3.11E-06	19
66.753347	295.680185	13	45	52G9	0.002979204	3.50E-06	20
60.469324	147.561013	13	45	52G9	0.002979204	3.50E-06	21
24.789599	19.750075	13	40	52G9	0.002647496	3.11E-06	22
17.877328	18.525074	13	40	52G9	0.002647496	3.11E-06	23
57.690405	1145.18245	13	45	52G9	0.002979204	3.50E-06	24
81.902178	222.03414	13	40	52G9	0.002647496	3.11E-06	25
33.761832	1642.515107	13	40	52G9	0.002647496	3.11E-06	26
10.313705	157.747932	13	40	52G9	0.002647496	3.11E-06	27
30.842627	22.998314	13	40	52G9	0.002647496	3.11E-06	28
31.231812	90.622834	13	40	52G9	0.002647496	3.11E-06	29
27.336737	86.610047	13	40	52G9	0.002647496	3.11E-06	30
9.848893	64.556526	13	40	52G9	0.002647496	3.11E-06	31
24.692201	153.208871	13	45	52G9	0.002979204	3.50E-06	32
33.562278	25.816859	13	45	52G9	0.002979204	3.50E-06	33
86.546071	0	13	30	52G9	0.001984594	2.33E-06	34
6.625172	0.826053	13	35	52G9	0.002315959	2.72E-06	35
NA	NA	13	NA	52G9	851.9033565	0.999886569	36
930.303992	32.160208	14	70	52H0	0.004640313	5.45E-06	1
720.922765	23.592455	14	70	52H0	0.004640313	5.45E-06	2
792.934376	27.345967	14	65	52H0	0.004307749	5.06E-06	3
664.14814	19.761775	14	65	52H0	0.004307749	5.06E-06	4
580.912833	16.30034	14	65	52H0	0.004307749	5.06E-06	5
622.738002	26.937142	14	65	52H0	0.004307749	5.06E-06	6
674.102509	29.958273	14	65	52H0	0.004307749	5.06E-06	7
559.914494	16.309359	14	70	52H0	0.004640313	5.45E-06	8
518.552575	16.46747	14	70	52H0	0.004640313	5.45E-06	9
618.699276	29.988743	14	70	52H0	0.004640313	5.45E-06	10
703.291643	16.002906	14	65	52H0	0.004307749	5.06E-06	11
679.74397	16.754408	14	65	52H0	0.004307749	5.06E-06	12
777.6792	9.940734	14	65	52H0	0.004307749	5.06E-06	13
1129.575306	10.214548	14	65	52H0	0.004307749	5.06E-06	14
732.235849	13.700292	14	65	52H0	0.004307749	5.06E-06	15
616.608859	7.434849	14	60	52H0	0.003975356	4.67E-06	16
461.689278	10.787157	14	65	52H0	0.004307749	5.06E-06	17
498.929911	8.849074	14	60	52H0	0.003975356	4.67E-06	18
489.083825	4.338188	14	50	52H0	0.003311083	3.89E-06	19
506.88139	37.479763	14	55	52H0	0.003643134	4.28E-06	20
424.870936	14.721509	14	55	52H0	0.003643134	4.28E-06	21
435.074396	20.71088	14	60	52H0	0.003975356	4.67E-06	22
440.603418	12.837506	14	60	52H0	0.003975356	4.67E-06	23
312.205625	8.344542	14	60	52H0	0.003975356	4.67E-06	24
318.387876	10.553194	14	65	52H0	0.004307749	5.06E-06	25
256.889322	10.443766	14	65	52H0	0.004307749	5.06E-06	26
323.92308	13.554086	14	65	52H0	0.004307749	5.06E-06	27
386.045975	12.795548	14	65	52H0	0.004307749	5.06E-06	28
597.474779	10.969791	14	60	52H0	0.003975356	4.67E-06	29
559.23334	11.047105	14	60	52H0	0.003975356	4.67E-06	30
NA	NA	14	NA	52H0	851.8737574	0.999851828	31
NA	NA	15	NA	52H1	263.89998	0.999999924	1
NA	NA	15	NA	52H1	1.00E-05	3.79E-08	2
NA	NA	15	NA	52H1	1.00E-05	3.79E-08	3
NA	NA	16	NA	53G7	354.49998	0.999999944	1
NA	NA	16	NA	53G7	1.00E-05	2.82E-08	2
NA	NA	16	NA	53G7	1.00E-05	2.82E-08	3
450.969698	0	17	30	53G8	0.001984594	2.37E-06	1
651.43336	14.284375	17	35	53G8	0.002315959	2.76E-06	2
971.886662	80.782117	17	35	53G8	0.002315959	2.76E-06	3
873.978631	16.079515	17	35	53G8	0.002315959	2.76E-06	4
473.423397	275.790912	17	40	53G8	0.002647496	3.16E-06	5
375.192759	238.042955	17	45	53G8	0.002979204	3.55E-06	6
257.217514	174.652135	17	50	53G8	0.003311083	3.95E-06	7
358.305344	210.199724	17	50	53G8	0.003311083	3.95E-06	8
247.122483	73.963119	17	55	53G8	0.003643134	4.35E-06	9
284.959387	67.726822	17	55	53G8	0.003643134	4.35E-06	10
263.590526	46.449297	17	55	53G8	0.003643134	4.35E-06	11
277.639156	37.759575	17	55	53G8	0.003643134	4.35E-06	12
307.750675	58.598581	17	50	53G8	0.003311083	3.95E-06	13
169.539671	31.297949	17	55	53G8	0.003643134	4.35E-06	14
215.557298	106.280159	17	55	53G8	0.003643134	4.35E-06	15
255.413655	100.365232	17	55	53G8	0.003643134	4.35E-06	16
289.479659	77.907407	17	55	53G8	0.003643134	4.35E-06	17
236.918968	76.098289	17	60	53G8	0.003975356	4.74E-06	18
148.022047	80.385971	17	55	53G8	0.003643134	4.35E-06	19
150.709563	87.099053	17	55	53G8	0.003643134	4.35E-06	20
97.635556	93.24855	17	60	53G8	0.003975356	4.74E-06	21
77.783375	205.632166	17	55	53G8	0.003643134	4.35E-06	22
55.284979	243.540584	17	55	53G8	0.003643134	4.35E-06	23
39.212224	240.483542	17	60	53G8	0.003975356	4.74E-06	24
55.153187	169.298279	17	60	53G8	0.003975356	4.74E-06	25
32.212079	228.580638	17	60	53G8	0.003975356	4.74E-06	26
10.711775	234.880757	17	55	53G8	0.003643134	4.35E-06	27
15.642327	239.731767	17	55	53G8	0.003643134	4.35E-06	28
NA	NA	17	NA	53G8	838.0046269	0.999886203	29
7.883669	284.616986	18	55	53G9	0.003643134	4.35E-06	1
13.709408	280.094825	18	55	53G9	0.003643134	4.35E-06	2
8.802574	209.92516	18	50	53G9	0.003311083	3.95E-06	3
15.339165	189.382448	18	50	53G9	0.003311083	3.95E-06	4
7.232801	193.640466	18	50	53G9	0.003311083	3.95E-06	5
6.809024	297.447042	18	55	53G9	0.003643134	4.35E-06	6
22.89622	210.395351	18	55	53G9	0.003643134	4.35E-06	7
24.067588	297.945088	18	55	53G9	0.003643134	4.35E-06	8
16.930994	367.715573	18	50	53G9	0.003311083	3.95E-06	9
20.30468	150.759551	18	45	53G9	0.002979204	3.55E-06	10
6.759537	167.847482	18	45	53G9	0.002979204	3.55E-06	11
21.063955	110.702515	18	45	53G9	0.002979204	3.55E-06	12
8.672352	121.793958	18	45	53G9	0.002979204	3.55E-06	13
41.347319	160.831871	18	50	53G9	0.003311083	3.95E-06	14
48.926832	216.888504	18	55	53G9	0.003643134	4.35E-06	15
24.144879	289.24654	18	55	53G9	0.003643134	4.35E-06	16
64.448274	284.3168	18	50	53G9	0.003311083	3.95E-06	17
100.578455	141.717959	18	45	53G9	0.002979204	3.55E-06	18
124.395983	62.410698	18	40	53G9	0.002647496	3.16E-06	19
49.266206	22.004489	18	40	53G9	0.002647496	3.16E-06	20
61.3002	44.690487	18	40	53G9	0.002647496	3.16E-06	21
32.171477	52.194342	18	40	53G9	0.002647496	3.16E-06	22
23.052902	66.892282	18	45	53G9	0.002979204	3.55E-06	23
10.271367	76.559681	18	40	53G9	0.002647496	3.16E-06	24
30.418094	17.837355	18	40	53G9	0.002647496	3.16E-06	25
22.909535	86.217726	18	40	53G9	0.002647496	3.16E-06	26
33.720023	68.521351	18	40	53G9	0.002647496	3.16E-06	27
11.666129	23.365921	18	40	53G9	0.002647496	3.16E-06	28
23.501052	19.75613	18	40	53G9	0.002647496	3.16E-06	29
NA	NA	18	NA	53G9	838.0102814	0.99989295	30
314.745979	10.59008	19	65	53H0	0.004307749	5.14E-06	1
383.499424	6.146883	19	60	53H0	0.003975356	4.74E-06	2
300.779072	7.018277	19	60	53H0	0.003975356	4.74E-06	3
424.441836	7.793823	19	60	53H0	0.003975356	4.74E-06	4
475.915235	8.198202	19	60	53H0	0.003975356	4.74E-06	5
451.353471	26.889074	19	55	53H0	0.003643134	4.35E-06	6
386.138497	18.481702	19	55	53H0	0.003643134	4.35E-06	7
521.184107	13.285755	19	60	53H0	0.003975356	4.74E-06	8
516.572722	9.170452	19	60	53H0	0.003975356	4.74E-06	9
428.819829	9.826218	19	55	53H0	0.003643134	4.35E-06	10
430.149918	15.801142	19	55	53H0	0.003643134	4.35E-06	11
576.667358	34.953973	19	50	53H0	0.003311083	3.95E-06	12
493.609716	9.028187	19	50	53H0	0.003311083	3.95E-06	13
400.970357	11.271852	19	55	53H0	0.003643134	4.35E-06	14
273.121997	4.752959	19	50	53H0	0.003311083	3.95E-06	15
265.727215	25.882596	19	50	53H0	0.003311083	3.95E-06	16
391.559853	45.047211	19	55	53H0	0.003643134	4.35E-06	17
288.034343	26.99566	19	55	53H0	0.003643134	4.35E-06	18
195.873434	39.158346	19	60	53H0	0.003975356	4.74E-06	19
220.767813	24.709366	19	60	53H0	0.003975356	4.74E-06	20
241.602077	29.87767	19	55	53H0	0.003643134	4.35E-06	21
231.898672	34.940087	19	55	53H0	0.003643134	4.35E-06	22
338.543509	48.176621	19	50	53H0	0.003311083	3.95E-06	23
292.325627	52.983111	19	50	53H0	0.003311083	3.95E-06	24
301.968898	41.918775	19	50	53H0	0.003311083	3.95E-06	25
253.429539	57.97156	19	45	53H0	0.002979204	3.55E-06	26
242.655697	109.106613	19	45	53H0	0.002979204	3.55E-06	27
305.758233	98.35743	19	45	53H0	0.002979204	3.55E-06	28
276.686747	87.031507	19	45	53H0	0.002979204	3.55E-06	29
449.669535	72.54742	19	40	53H0	0.002647496	3.16E-06	30
NA	NA	19	NA	53H0	837.9933593	0.999872759	31
NA	NA	20	NA	53H1	126.59998	0.999999842	1
NA	NA	20	NA	53H1	1.00E-05	7.90E-08	2
NA	NA	20	NA	53H1	1.00E-05	7.90E-08	3
NA	NA	21	NA	54G7	13.19998	0.999998485	1
NA	NA	21	NA	54G7	1.00E-05	7.58E-07	2
NA	NA	21	NA	54G7	1.00E-05	7.58E-07	3
312.027656	6.923658	22	110	54G8	0.007306997	1.14E-05	1
288.316629	8.143083	22	115	54G8	0.007641104	1.19E-05	2
379.985126	7.074281	22	110	54G8	0.007306997	1.14E-05	3
315.191816	7.312956	22	100	54G8	0.006639298	1.03E-05	4
319.501378	7.431882	22	90	54G8	0.005972285	9.30E-06	5
339.390091	15.531584	22	65	54G8	0.004307749	6.71E-06	6
481.600136	14.591347	22	65	54G8	0.004307749	6.71E-06	7
426.942785	12.652106	22	70	54G8	0.004640313	7.23E-06	8
437.290833	12.928907	22	65	54G8	0.004307749	6.71E-06	9
502.345979	17.486306	22	65	54G8	0.004307749	6.71E-06	10
233.840792	39.987537	22	60	54G8	0.003975356	6.19E-06	11
325.699718	12.674851	22	60	54G8	0.003975356	6.19E-06	12
246.270265	19.165053	22	60	54G8	0.003975356	6.19E-06	13
283.851725	27.071404	22	60	54G8	0.003975356	6.19E-06	14
239.482532	25.744764	22	60	54G8	0.003975356	6.19E-06	15
254.285002	19.459084	22	60	54G8	0.003975356	6.19E-06	16
319.024011	30.058708	22	55	54G8	0.003643134	5.67E-06	17
409.100811	58.375943	22	40	54G8	0.002647496	4.12E-06	18
433.248847	57.462449	22	45	54G8	0.002979204	4.64E-06	19
491.273949	73.00233	22	40	54G8	0.002647496	4.12E-06	20
746.424059	48.47669	22	35	54G8	0.002315959	3.61E-06	21
1257.509692	0	22	30	54G8	0.001984594	3.09E-06	22
745.677323	0	22	25	54G8	0.0016534	2.57E-06	23
760.682103	0	22	30	54G8	0.001984594	3.09E-06	24
NA	NA	22	NA	54G8	642.099554	0.999843591	25
846.928256	407.512484	23	80	54G9	0.005305956	6.44E-06	1
410.564313	214.273344	23	70	54G9	0.004640313	5.63E-06	2
475.978577	149.096834	23	75	54G9	0.004973049	6.03E-06	3
447.102923	74.130925	23	80	54G9	0.005305956	6.44E-06	4
501.843042	70.929927	23	80	54G9	0.005305956	6.44E-06	5
521.399422	48.279103	23	75	54G9	0.004973049	6.03E-06	6
605.521968	47.366186	23	80	54G9	0.005305956	6.44E-06	7
537.638953	26.887546	23	85	54G9	0.005639035	6.84E-06	8
456.547784	27.861515	23	80	54G9	0.005305956	6.44E-06	9
474.852668	26.427253	23	75	54G9	0.004973049	6.03E-06	10
439.167205	29.952932	23	75	54G9	0.004973049	6.03E-06	11
284.464559	28.316827	23	80	54G9	0.005305956	6.44E-06	12
416.905548	14.779008	23	80	54G9	0.005305956	6.44E-06	13
356.553977	17.712684	23	80	54G9	0.005305956	6.44E-06	14
348.978324	13.529855	23	85	54G9	0.005639035	6.84E-06	15
393.379327	10.294826	23	85	54G9	0.005639035	6.84E-06	16
390.868647	18.818537	23	85	54G9	0.005639035	6.84E-06	17
384.501223	18.849377	23	90	54G9	0.005972285	7.25E-06	18
432.053423	18.576443	23	95	54G9	0.006305706	7.65E-06	19
464.667059	14.429704	23	95	54G9	0.006305706	7.65E-06	20
398.115443	11.137067	23	95	54G9	0.006305706	7.65E-06	21
331.01997	9.026739	23	100	54G9	0.006639298	8.06E-06	22
311.952372	9.353712	23	100	54G9	0.006639298	8.06E-06	23
460.230613	11.020093	23	105	54G9	0.006973062	8.46E-06	24
385.161282	6.927606	23	100	54G9	0.006639298	8.06E-06	25
437.43692	7.386621	23	105	54G9	0.006973062	8.46E-06	26
521.964799	6.857409	23	110	54G9	0.007306997	8.87E-06	27
449.06163	6.570989	23	105	54G9	0.006973062	8.46E-06	28
490.025512	7.762361	23	105	54G9	0.006973062	8.46E-06	29
NA	NA	23	NA	54G9	824.0304572	0.999794294	30
557.37282	80.197812	24	40	54H0	0.002647496	3.64E-06	1
513.918753	97.152499	24	40	54H0	0.002647496	3.64E-06	2
566.859606	105.157547	24	40	54H0	0.002647496	3.64E-06	3
499.032449	127.237295	24	40	54H0	0.002647496	3.64E-06	4
610.343512	14.961606	24	35	54H0	0.002315959	3.18E-06	5
591.518286	37.019731	24	35	54H0	0.002315959	3.18E-06	6
723.59296	2.098911	24	35	54H0	0.002315959	3.18E-06	7
608.050601	60.633192	24	35	54H0	0.002315959	3.18E-06	8
645.873972	0	24	30	54H0	0.001984594	2.73E-06	9
770.64285	0	24	30	54H0	0.001984594	2.73E-06	10
919.373643	0	24	30	54H0	0.001984594	2.73E-06	11
1289.002656	0	24	30	54H0	0.001984594	2.73E-06	12
1426.66106	85.59496	24	40	54H0	0.002647496	3.64E-06	13
948.934089	143.441559	24	40	54H0	0.002647496	3.64E-06	14
934.520078	267.080123	24	40	54H0	0.002647496	3.64E-06	15
438.435006	303.248736	24	35	54H0	0.002315959	3.18E-06	16
1281.803829	105.785482	24	35	54H0	0.002315959	3.18E-06	17
1330.237829	2.427107	24	35	54H0	0.002315959	3.18E-06	18
3031.404849	91.75617	24	35	54H0	0.002315959	3.18E-06	19
2158.597035	112.494326	24	40	54H0	0.002647496	3.64E-06	20
932.276273	113.229547	24	40	54H0	0.002647496	3.64E-06	21
472.315452	57.60529	24	40	54H0	0.002647496	3.64E-06	22
675.318511	129.809251	24	40	54H0	0.002647496	3.64E-06	23
621.82195	204.288604	24	40	54H0	0.002647496	3.64E-06	24
722.238818	93.283615	24	40	54H0	0.002647496	3.64E-06	25
502.305695	105.996505	24	40	54H0	0.002647496	3.64E-06	26
297.015834	201.588003	24	45	54H0	0.002979204	4.09E-06	27
343.849519	195.783604	24	45	54H0	0.002979204	4.09E-06	28
130.012161	139.299195	24	40	54H0	0.002647496	3.64E-06	29
103.062489	86.207754	24	40	54H0	0.002647496	3.64E-06	30
79.601138	135.494243	24	40	54H0	0.002647496	3.64E-06	31
NA	NA	24	NA	54H0	727.8225681	0.999893623	32
NA	NA	25	NA	55G8	103.59998	0.999999807	1
NA	NA	25	NA	55G8	1.00E-05	9.65E-08	2
NA	NA	25	NA	55G8	1.00E-05	9.65E-08	3
168.709828	96.264602	26	55	55G9	0.003643134	5.82E-06	1
114.5517	5.623057	26	40	55G9	0.002647496	4.23E-06	2
183.33065	50.233277	26	50	55G9	0.003311083	5.29E-06	3
8.603103	244.413475	26	60	55G9	0.003975356	6.35E-06	4
7.299623	393.950175	26	60	55G9	0.003975356	6.35E-06	5
23.742409	309.960666	26	60	55G9	0.003975356	6.35E-06	6
39.050553	334.304445	26	65	55G9	0.004307749	6.89E-06	7
13.958254	513.54339	26	70	55G9	0.004640313	7.42E-06	8
254.091662	342.486243	26	85	55G9	0.005639035	9.01E-06	9
71.595099	401.196238	26	85	55G9	0.005639035	9.01E-06	10
72.558496	410.654105	26	80	55G9	0.005305956	8.48E-06	11
32.549053	333.51971	26	85	55G9	0.005639035	9.01E-06	12
433.883233	182.823273	26	90	55G9	0.005972285	9.55E-06	13
67.910863	181.976889	26	90	55G9	0.005972285	9.55E-06	14
66.857203	199.419171	26	95	55G9	0.006305706	1.01E-05	15
142.402398	338.177866	26	95	55G9	0.006305706	1.01E-05	16
304.398624	295.928034	26	90	55G9	0.005972285	9.55E-06	17
94.719441	415.927206	26	85	55G9	0.005639035	9.01E-06	18
113.277919	325.537977	26	90	55G9	0.005972285	9.55E-06	19
281.484824	398.703479	26	90	55G9	0.005972285	9.55E-06	20
111.716871	772.844918	26	90	55G9	0.005972285	9.55E-06	21
93.221358	470.798486	26	85	55G9	0.005639035	9.01E-06	22
78.909864	422.142914	26	80	55G9	0.005305956	8.48E-06	23
190.05101	602.60767	26	80	55G9	0.005305956	8.48E-06	24
37.332369	530.445745	26	80	55G9	0.005305956	8.48E-06	25
144.364775	511.440876	26	80	55G9	0.005305956	8.48E-06	26
NA	NA	26	NA	55G9	625.4663541	0.999786372	27
155.341474	176.961485	27	40	55H0	0.002647496	3.84E-06	1
61.597588	108.439665	27	45	55H0	0.002979204	4.33E-06	2
192.636851	138.251539	27	45	55H0	0.002979204	4.33E-06	3
150.495117	185.377856	27	45	55H0	0.002979204	4.33E-06	4
65.567391	248.757791	27	45	55H0	0.002979204	4.33E-06	5
307.902653	137.797286	27	45	55H0	0.002979204	4.33E-06	6
146.674447	121.457208	27	45	55H0	0.002979204	4.33E-06	7
381.416318	207.336403	27	45	55H0	0.002979204	4.33E-06	8
323.662702	251.589751	27	45	55H0	0.002979204	4.33E-06	9
285.039535	104.672122	27	35	55H0	0.002315959	3.36E-06	10
1851.39673	29.45638	27	35	55H0	0.002315959	3.36E-06	11
968.088195	2.04598	27	35	55H0	0.002315959	3.36E-06	12
174.843559	411.50008	27	45	55H0	0.002979204	4.33E-06	13
761.023139	763.091656	27	55	55H0	0.003643134	5.29E-06	14
114.839431	548.74993	27	50	55H0	0.003311083	4.81E-06	15
43.11225	178.106263	27	50	55H0	0.003311083	4.81E-06	16
56.207969	324.984914	27	45	55H0	0.002979204	4.33E-06	17
17.012419	196.078739	27	50	55H0	0.003311083	4.81E-06	18
15.552228	275.284637	27	50	55H0	0.003311083	4.81E-06	19
6.166632	146.40876	27	50	55H0	0.003311083	4.81E-06	20
31.599885	242.156361	27	50	55H0	0.003311083	4.81E-06	21
6.15109	170.318625	27	50	55H0	0.003311083	4.81E-06	22
14.360089	518.247886	27	45	55H0	0.002979204	4.33E-06	23
8.266003	74.578714	27	50	55H0	0.003311083	4.81E-06	24
NA	NA	27	NA	55H0	688.5275016	0.999894716	25
NA	NA	28	NA	55H1	86.69998	0.999999769	1
NA	NA	28	NA	55H1	1.00E-05	1.15E-07	2
NA	NA	28	NA	55H1	1.00E-05	1.15E-07	3
