D_N	Lat.	Lon.	Haul	Species2	Species	ICES	Area	Kg	TotNo	Lengthcl	No	Tsa	TSb
N	6044.05	1844.83	736	Clupea_harengus	1	50G8	833.4	224.58	9207.8	8.75	32.1	20	-71.2
N	6044.05	1844.83	736	Clupea_harengus	1	50G8	833.4	224.58	9207.8	9.25	96.2	20	-71.2
N	6044.05	1844.83	736	Clupea_harengus	1	50G8	833.4	224.58	9207.8	12.75	32.1	20	-71.2
N	6044.05	1844.83	736	Clupea_harengus	1	50G8	833.4	224.58	9207.8	13.25	96.2	20	-71.2
N	6044.05	1844.83	736	Clupea_harengus	1	50G8	833.4	224.58	9207.8	13.75	449.2	20	-71.2
N	6044.05	1844.83	736	Clupea_harengus	1	50G8	833.4	224.58	9207.8	14.25	609.6	20	-71.2
N	6044.05	1844.83	736	Clupea_harengus	1	50G8	833.4	224.58	9207.8	14.75	770	20	-71.2
N	6044.05	1844.83	736	Clupea_harengus	1	50G8	833.4	224.58	9207.8	15.25	1122.9	20	-71.2
N	6044.05	1844.83	736	Clupea_harengus	1	50G8	833.4	224.58	9207.8	15.75	1315.4	20	-71.2
N	6044.05	1844.83	736	Clupea_harengus	1	50G8	833.4	224.58	9207.8	16.25	1732.5	20	-71.2
N	6044.05	1844.83	736	Clupea_harengus	1	50G8	833.4	224.58	9207.8	16.75	1155	20	-71.2
N	6044.05	1844.83	736	Clupea_harengus	1	50G8	833.4	224.58	9207.8	17.25	545.4	20	-71.2
N	6044.05	1844.83	736	Clupea_harengus	1	50G8	833.4	224.58	9207.8	17.75	481.2	20	-71.2
N	6044.05	1844.83	736	Clupea_harengus	1	50G8	833.4	224.58	9207.8	18.25	417.1	20	-71.2
N	6044.05	1844.83	736	Clupea_harengus	1	50G8	833.4	224.58	9207.8	18.75	128.3	20	-71.2
N	6044.05	1844.83	736	Clupea_harengus	1	50G8	833.4	224.58	9207.8	19.25	128.3	20	-71.2
N	6044.05	1844.83	736	Clupea_harengus	1	50G8	833.4	224.58	9207.8	19.75	32.1	20	-71.2
N	6044.05	1844.83	736	Clupea_harengus	1	50G8	833.4	224.58	9207.8	20.25	32.1	20	-71.2
N	6044.05	1844.83	736	Clupea_harengus	1	50G8	833.4	224.58	9207.8	20.75	32.1	20	-71.2
N	6044.05	1844.83	736	Gasterosteus_aculeatus	2	50G8	833.4	10.15	4717.6	4.5	143	20	-71.2
N	6044.05	1844.83	736	Gasterosteus_aculeatus	2	50G8	833.4	10.15	4717.6	5.5	714.8	20	-71.2
N	6044.05	1844.83	736	Gasterosteus_aculeatus	2	50G8	833.4	10.15	4717.6	6.5	3288	20	-71.2
N	6044.05	1844.83	736	Gasterosteus_aculeatus	2	50G8	833.4	10.15	4717.6	7.5	571.8	20	-71.2
N	6044.05	1844.83	736	Sprattus_sprattus	2	50G8	833.4	1.57	117.2	8.25	3.9	20	-71.2
N	6044.05	1844.83	736	Sprattus_sprattus	2	50G8	833.4	1.57	117.2	12.25	15.6	20	-71.2
N	6044.05	1844.83	736	Sprattus_sprattus	2	50G8	833.4	1.57	117.2	12.75	19.5	20	-71.2
N	6044.05	1844.83	736	Sprattus_sprattus	2	50G8	833.4	1.57	117.2	13.25	23.4	20	-71.2
N	6044.05	1844.83	736	Sprattus_sprattus	2	50G8	833.4	1.57	117.2	13.75	27.3	20	-71.2
N	6044.05	1844.83	736	Sprattus_sprattus	2	50G8	833.4	1.57	117.2	14.25	23.4	20	-71.2
N	6044.05	1844.83	736	Sprattus_sprattus	2	50G8	833.4	1.57	117.2	14.75	3.9	20	-71.2
N	6044.05	1844.83	736	Zoarces_viviparus	2	50G8	833.4	0.012	1	16.5	1	20	-67.5
N	6057.62	2039.33	731	Clupea_harengus	1	50H0	795.1	184.93	8696.7	8.75	25	20	-71.2
N	6057.62	2039.33	731	Clupea_harengus	1	50H0	795.1	184.93	8696.7	9.25	25	20	-71.2
N	6057.62	2039.33	731	Clupea_harengus	1	50H0	795.1	184.93	8696.7	9.75	25	20	-71.2
N	6057.62	2039.33	731	Clupea_harengus	1	50H0	795.1	184.93	8696.7	10.25	25	20	-71.2
N	6057.62	2039.33	731	Clupea_harengus	1	50H0	795.1	184.93	8696.7	10.75	25	20	-71.2
N	6057.62	2039.33	731	Clupea_harengus	1	50H0	795.1	184.93	8696.7	11.75	25	20	-71.2
N	6057.62	2039.33	731	Clupea_harengus	1	50H0	795.1	184.93	8696.7	12.25	75	20	-71.2
N	6057.62	2039.33	731	Clupea_harengus	1	50H0	795.1	184.93	8696.7	12.75	25	20	-71.2
N	6057.62	2039.33	731	Clupea_harengus	1	50H0	795.1	184.93	8696.7	13.25	324.9	20	-71.2
N	6057.62	2039.33	731	Clupea_harengus	1	50H0	795.1	184.93	8696.7	13.75	649.8	20	-71.2
N	6057.62	2039.33	731	Clupea_harengus	1	50H0	795.1	184.93	8696.7	14.25	999.6	20	-71.2
N	6057.62	2039.33	731	Clupea_harengus	1	50H0	795.1	184.93	8696.7	14.75	874.7	20	-71.2
N	6057.62	2039.33	731	Clupea_harengus	1	50H0	795.1	184.93	8696.7	15.25	999.6	20	-71.2
N	6057.62	2039.33	731	Clupea_harengus	1	50H0	795.1	184.93	8696.7	15.75	1124.6	20	-71.2
N	6057.62	2039.33	731	Clupea_harengus	1	50H0	795.1	184.93	8696.7	16.25	1274.5	20	-71.2
N	6057.62	2039.33	731	Clupea_harengus	1	50H0	795.1	184.93	8696.7	16.75	1249.5	20	-71.2
N	6057.62	2039.33	731	Clupea_harengus	1	50H0	795.1	184.93	8696.7	17.25	424.8	20	-71.2
N	6057.62	2039.33	731	Clupea_harengus	1	50H0	795.1	184.93	8696.7	17.75	374.9	20	-71.2
N	6057.62	2039.33	731	Clupea_harengus	1	50H0	795.1	184.93	8696.7	18.25	25	20	-71.2
N	6057.62	2039.33	731	Clupea_harengus	1	50H0	795.1	184.93	8696.7	18.75	100	20	-71.2
N	6057.62	2039.33	731	Clupea_harengus	1	50H0	795.1	184.93	8696.7	19.25	25	20	-71.2
N	6057.62	2039.33	731	Cyclopteridae	2	50H0	795.1	0.004	1	7.5	1	20	-67.5
N	6057.62	2039.33	731	Gasterosteus_aculeatus	2	50H0	795.1	3.54	1475	4.5	73.8	20	-71.2
N	6057.62	2039.33	731	Gasterosteus_aculeatus	2	50H0	795.1	3.54	1475	5.5	196.7	20	-71.2
N	6057.62	2039.33	731	Gasterosteus_aculeatus	2	50H0	795.1	3.54	1475	6.5	885	20	-71.2
N	6057.62	2039.33	731	Gasterosteus_aculeatus	2	50H0	795.1	3.54	1475	7.5	319.6	20	-71.2
N	6057.62	2039.33	731	Pungitius_pungitius	2	50H0	795.1	0.018	15	5.5	15	20	-71.2
N	6057.62	2039.33	731	Sprattus_sprattus	2	50H0	795.1	0.598	41.9	12.25	3	20	-71.2
N	6057.62	2039.33	731	Sprattus_sprattus	2	50H0	795.1	0.598	41.9	12.75	6	20	-71.2
N	6057.62	2039.33	731	Sprattus_sprattus	2	50H0	795.1	0.598	41.9	13.25	14.9	20	-71.2
N	6057.62	2039.33	731	Sprattus_sprattus	2	50H0	795.1	0.598	41.9	13.75	12	20	-71.2
N	6057.62	2039.33	731	Sprattus_sprattus	2	50H0	795.1	0.598	41.9	14.25	6	20	-71.2
N	6057.62	2039.33	731	Zoarces_viviparus	2	50H0	795.1	0.004	1	10.5	1	20	-67.5
N	6121.88	1809.22	726	Clupea_harengus	1	51G8	863.7	169.62	6061.1	12.75	22.6	20	-71.2
N	6121.88	1809.22	726	Clupea_harengus	1	51G8	863.7	169.62	6061.1	13.75	135.7	20	-71.2
N	6121.88	1809.22	726	Clupea_harengus	1	51G8	863.7	169.62	6061.1	14.25	113.1	20	-71.2
N	6121.88	1809.22	726	Clupea_harengus	1	51G8	863.7	169.62	6061.1	14.75	90.5	20	-71.2
N	6121.88	1809.22	726	Clupea_harengus	1	51G8	863.7	169.62	6061.1	15.25	565.4	20	-71.2
N	6121.88	1809.22	726	Clupea_harengus	1	51G8	863.7	169.62	6061.1	15.75	678.5	20	-71.2
N	6121.88	1809.22	726	Clupea_harengus	1	51G8	863.7	169.62	6061.1	16.25	1040.3	20	-71.2
N	6121.88	1809.22	726	Clupea_harengus	1	51G8	863.7	169.62	6061.1	16.75	1017.7	20	-71.2
N	6121.88	1809.22	726	Clupea_harengus	1	51G8	863.7	169.62	6061.1	17.25	723.7	20	-71.2
N	6121.88	1809.22	726	Clupea_harengus	1	51G8	863.7	169.62	6061.1	17.75	474.9	20	-71.2
N	6121.88	1809.22	726	Clupea_harengus	1	51G8	863.7	169.62	6061.1	18.25	542.8	20	-71.2
N	6121.88	1809.22	726	Clupea_harengus	1	51G8	863.7	169.62	6061.1	18.75	294	20	-71.2
N	6121.88	1809.22	726	Clupea_harengus	1	51G8	863.7	169.62	6061.1	19.25	180.9	20	-71.2
N	6121.88	1809.22	726	Clupea_harengus	1	51G8	863.7	169.62	6061.1	19.75	90.5	20	-71.2
N	6121.88	1809.22	726	Clupea_harengus	1	51G8	863.7	169.62	6061.1	20.25	22.6	20	-71.2
N	6121.88	1809.22	726	Clupea_harengus	1	51G8	863.7	169.62	6061.1	20.75	22.6	20	-71.2
N	6121.88	1809.22	726	Clupea_harengus	1	51G8	863.7	169.62	6061.1	21.25	45.2	20	-71.2
N	6121.88	1809.22	726	Gasterosteus_aculeatus	2	51G8	863.7	2.201	943.3	3.5	78.6	20	-71.2
N	6121.88	1809.22	726	Gasterosteus_aculeatus	2	51G8	863.7	2.201	943.3	4.5	31.4	20	-71.2
N	6121.88	1809.22	726	Gasterosteus_aculeatus	2	51G8	863.7	2.201	943.3	5.5	62.9	20	-71.2
N	6121.88	1809.22	726	Gasterosteus_aculeatus	2	51G8	863.7	2.201	943.3	6.5	644.6	20	-71.2
N	6121.88	1809.22	726	Gasterosteus_aculeatus	2	51G8	863.7	2.201	943.3	7.5	125.8	20	-71.2
N	6121.88	1809.22	726	Sprattus_sprattus	2	51G8	863.7	0.81	57.4	12.25	3	20	-71.2
N	6121.88	1809.22	726	Sprattus_sprattus	2	51G8	863.7	0.81	57.4	12.75	18.1	20	-71.2
N	6121.88	1809.22	726	Sprattus_sprattus	2	51G8	863.7	0.81	57.4	13.25	12.1	20	-71.2
N	6121.88	1809.22	726	Sprattus_sprattus	2	51G8	863.7	0.81	57.4	13.75	12.1	20	-71.2
N	6121.88	1809.22	726	Sprattus_sprattus	2	51G8	863.7	0.81	57.4	14.25	12.1	20	-71.2
N	6121.15	1906.19	725	Clupea_harengus	1	51G9	865.8	154.04	5348.6	8.75	21.4	20	-71.2
N	6121.15	1906.19	725	Clupea_harengus	1	51G9	865.8	154.04	5348.6	9.75	21.4	20	-71.2
N	6121.15	1906.19	725	Clupea_harengus	1	51G9	865.8	154.04	5348.6	14.25	42.8	20	-71.2
N	6121.15	1906.19	725	Clupea_harengus	1	51G9	865.8	154.04	5348.6	14.75	85.6	20	-71.2
N	6121.15	1906.19	725	Clupea_harengus	1	51G9	865.8	154.04	5348.6	15.25	256.7	20	-71.2
N	6121.15	1906.19	725	Clupea_harengus	1	51G9	865.8	154.04	5348.6	15.75	556.3	20	-71.2
N	6121.15	1906.19	725	Clupea_harengus	1	51G9	865.8	154.04	5348.6	16.25	748.8	20	-71.2
N	6121.15	1906.19	725	Clupea_harengus	1	51G9	865.8	154.04	5348.6	16.75	1048.3	20	-71.2
N	6121.15	1906.19	725	Clupea_harengus	1	51G9	865.8	154.04	5348.6	17.25	834.4	20	-71.2
N	6121.15	1906.19	725	Clupea_harengus	1	51G9	865.8	154.04	5348.6	17.75	748.8	20	-71.2
N	6121.15	1906.19	725	Clupea_harengus	1	51G9	865.8	154.04	5348.6	18.25	406.5	20	-71.2
N	6121.15	1906.19	725	Clupea_harengus	1	51G9	865.8	154.04	5348.6	18.75	278.1	20	-71.2
N	6121.15	1906.19	725	Clupea_harengus	1	51G9	865.8	154.04	5348.6	19.25	149.8	20	-71.2
N	6121.15	1906.19	725	Clupea_harengus	1	51G9	865.8	154.04	5348.6	19.75	85.6	20	-71.2
N	6121.15	1906.19	725	Clupea_harengus	1	51G9	865.8	154.04	5348.6	20.25	21.4	20	-71.2
N	6121.15	1906.19	725	Clupea_harengus	1	51G9	865.8	154.04	5348.6	20.75	42.8	20	-71.2
N	6121.15	1906.19	725	Gasterosteus_aculeatus	2	51G9	865.8	11.66	5080.4	4.5	83.3	20	-71.2
N	6121.15	1906.19	725	Gasterosteus_aculeatus	2	51G9	865.8	11.66	5080.4	5.5	583	20	-71.2
N	6121.15	1906.19	725	Gasterosteus_aculeatus	2	51G9	865.8	11.66	5080.4	6.5	3831.1	20	-71.2
N	6121.15	1906.19	725	Gasterosteus_aculeatus	2	51G9	865.8	11.66	5080.4	7.5	583	20	-71.2
N	6121.15	1906.19	725	Sprattus_sprattus	2	51G9	865.8	1.092	73.6	12.75	9.2	20	-71.2
N	6121.15	1906.19	725	Sprattus_sprattus	2	51G9	865.8	1.092	73.6	13.25	24.5	20	-71.2
N	6121.15	1906.19	725	Sprattus_sprattus	2	51G9	865.8	1.092	73.6	13.75	24.5	20	-71.2
N	6121.15	1906.19	725	Sprattus_sprattus	2	51G9	865.8	1.092	73.6	14.25	9.2	20	-71.2
N	6121.15	1906.19	725	Sprattus_sprattus	2	51G9	865.8	1.092	73.6	14.75	6.1	20	-71.2
N	6122.17	2005.75	724	Clupea_harengus	1	51H0	865.7	175.24	6675.8	8.25	24.9	20	-71.2
N	6122.17	2005.75	724	Clupea_harengus	1	51H0	865.7	175.24	6675.8	12.25	24.9	20	-71.2
N	6122.17	2005.75	724	Clupea_harengus	1	51H0	865.7	175.24	6675.8	12.75	24.9	20	-71.2
N	6122.17	2005.75	724	Clupea_harengus	1	51H0	865.7	175.24	6675.8	13.25	74.7	20	-71.2
N	6122.17	2005.75	724	Clupea_harengus	1	51H0	865.7	175.24	6675.8	13.75	49.8	20	-71.2
N	6122.17	2005.75	724	Clupea_harengus	1	51H0	865.7	175.24	6675.8	14.25	149.5	20	-71.2
N	6122.17	2005.75	724	Clupea_harengus	1	51H0	865.7	175.24	6675.8	14.75	448.4	20	-71.2
N	6122.17	2005.75	724	Clupea_harengus	1	51H0	865.7	175.24	6675.8	15.25	697.5	20	-71.2
N	6122.17	2005.75	724	Clupea_harengus	1	51H0	865.7	175.24	6675.8	15.75	996.4	20	-71.2
N	6122.17	2005.75	724	Clupea_harengus	1	51H0	865.7	175.24	6675.8	16.25	1046.2	20	-71.2
N	6122.17	2005.75	724	Clupea_harengus	1	51H0	865.7	175.24	6675.8	16.75	1220.6	20	-71.2
N	6122.17	2005.75	724	Clupea_harengus	1	51H0	865.7	175.24	6675.8	17.25	697.5	20	-71.2
N	6122.17	2005.75	724	Clupea_harengus	1	51H0	865.7	175.24	6675.8	17.75	448.4	20	-71.2
N	6122.17	2005.75	724	Clupea_harengus	1	51H0	865.7	175.24	6675.8	18.25	348.7	20	-71.2
N	6122.17	2005.75	724	Clupea_harengus	1	51H0	865.7	175.24	6675.8	18.75	149.5	20	-71.2
N	6122.17	2005.75	724	Clupea_harengus	1	51H0	865.7	175.24	6675.8	19.25	74.7	20	-71.2
N	6122.17	2005.75	724	Clupea_harengus	1	51H0	865.7	175.24	6675.8	19.75	74.7	20	-71.2
N	6122.17	2005.75	724	Clupea_harengus	1	51H0	865.7	175.24	6675.8	20.25	49.8	20	-71.2
N	6122.17	2005.75	724	Clupea_harengus	1	51H0	865.7	175.24	6675.8	20.75	74.7	20	-71.2
N	6122.17	2005.75	724	Cyclopteridae	2	51H0	865.7	0.05	4.2	10.5	4.2	20	-67.5
N	6122.17	2005.75	724	Gasterosteus_aculeatus	2	51H0	865.7	53.411	23317.5	4.5	398.6	20	-71.2
N	6122.17	2005.75	724	Gasterosteus_aculeatus	2	51H0	865.7	53.411	23317.5	5.5	4384.5	20	-71.2
N	6122.17	2005.75	724	Gasterosteus_aculeatus	2	51H0	865.7	53.411	23317.5	6.5	15943.6	20	-71.2
N	6122.17	2005.75	724	Gasterosteus_aculeatus	2	51H0	865.7	53.411	23317.5	7.5	2590.8	20	-71.2
N	6122.17	2005.75	724	Sprattus_sprattus	2	51H0	865.7	12.207	822.3	11.25	4	20	-71.2
N	6122.17	2005.75	724	Sprattus_sprattus	2	51H0	865.7	12.207	822.3	11.75	12	20	-71.2
N	6122.17	2005.75	724	Sprattus_sprattus	2	51H0	865.7	12.207	822.3	12.25	35.9	20	-71.2
N	6122.17	2005.75	724	Sprattus_sprattus	2	51H0	865.7	12.207	822.3	12.75	131.7	20	-71.2
N	6122.17	2005.75	724	Sprattus_sprattus	2	51H0	865.7	12.207	822.3	13.25	243.5	20	-71.2
N	6122.17	2005.75	724	Sprattus_sprattus	2	51H0	865.7	12.207	822.3	13.75	243.5	20	-71.2
N	6122.17	2005.75	724	Sprattus_sprattus	2	51H0	865.7	12.207	822.3	14.25	123.7	20	-71.2
N	6122.17	2005.75	724	Sprattus_sprattus	2	51H0	865.7	12.207	822.3	14.75	20	20	-71.2
N	6122.17	2005.75	724	Sprattus_sprattus	2	51H0	865.7	12.207	822.3	15.25	4	20	-71.2
N	6122.17	2005.75	724	Sprattus_sprattus	2	51H0	865.7	12.207	822.3	15.75	4	20	-71.2
N	6107.55	2012.94	730	Clupea_harengus	1	51H0	865.7	70.58	2678.4	7.25	9	20	-71.2
N	6107.55	2012.94	730	Clupea_harengus	1	51H0	865.7	70.58	2678.4	7.75	9	20	-71.2
N	6107.55	2012.94	730	Clupea_harengus	1	51H0	865.7	70.58	2678.4	8.75	9	20	-71.2
N	6107.55	2012.94	730	Clupea_harengus	1	51H0	865.7	70.58	2678.4	9.25	9	20	-71.2
N	6107.55	2012.94	730	Clupea_harengus	1	51H0	865.7	70.58	2678.4	13.75	9	20	-71.2
N	6107.55	2012.94	730	Clupea_harengus	1	51H0	865.7	70.58	2678.4	14.25	36.2	20	-71.2
N	6107.55	2012.94	730	Clupea_harengus	1	51H0	865.7	70.58	2678.4	14.75	108.6	20	-71.2
N	6107.55	2012.94	730	Clupea_harengus	1	51H0	865.7	70.58	2678.4	15.25	244.3	20	-71.2
N	6107.55	2012.94	730	Clupea_harengus	1	51H0	865.7	70.58	2678.4	15.75	407.2	20	-71.2
N	6107.55	2012.94	730	Clupea_harengus	1	51H0	865.7	70.58	2678.4	16.25	651.5	20	-71.2
N	6107.55	2012.94	730	Clupea_harengus	1	51H0	865.7	70.58	2678.4	16.75	307.7	20	-71.2
N	6107.55	2012.94	730	Clupea_harengus	1	51H0	865.7	70.58	2678.4	17.25	343.9	20	-71.2
N	6107.55	2012.94	730	Clupea_harengus	1	51H0	865.7	70.58	2678.4	17.75	244.3	20	-71.2
N	6107.55	2012.94	730	Clupea_harengus	1	51H0	865.7	70.58	2678.4	18.25	117.6	20	-71.2
N	6107.55	2012.94	730	Clupea_harengus	1	51H0	865.7	70.58	2678.4	18.75	63.3	20	-71.2
N	6107.55	2012.94	730	Clupea_harengus	1	51H0	865.7	70.58	2678.4	19.25	45.2	20	-71.2
N	6107.55	2012.94	730	Clupea_harengus	1	51H0	865.7	70.58	2678.4	19.75	27.1	20	-71.2
N	6107.55	2012.94	730	Clupea_harengus	1	51H0	865.7	70.58	2678.4	20.25	9	20	-71.2
N	6107.55	2012.94	730	Clupea_harengus	1	51H0	865.7	70.58	2678.4	21.25	9	20	-71.2
N	6107.55	2012.94	730	Clupea_harengus	1	51H0	865.7	70.58	2678.4	21.75	18.1	20	-71.2
N	6107.55	2012.94	730	Cyclopteridae	2	51H0	865.7	0.232	10	8.5	1	20	-67.5
N	6107.55	2012.94	730	Cyclopteridae	2	51H0	865.7	0.232	10	9.5	3	20	-67.5
N	6107.55	2012.94	730	Cyclopteridae	2	51H0	865.7	0.232	10	11.5	5	20	-67.5
N	6107.55	2012.94	730	Cyclopteridae	2	51H0	865.7	0.232	10	13.5	1	20	-67.5
N	6107.55	2012.94	730	Gasterosteus_aculeatus	2	51H0	865.7	4.13	1699.3	3.5	21.5	20	-71.2
N	6107.55	2012.94	730	Gasterosteus_aculeatus	2	51H0	865.7	4.13	1699.3	5.5	193.6	20	-71.2
N	6107.55	2012.94	730	Gasterosteus_aculeatus	2	51H0	865.7	4.13	1699.3	6.5	1161.6	20	-71.2
N	6107.55	2012.94	730	Gasterosteus_aculeatus	2	51H0	865.7	4.13	1699.3	7.5	322.7	20	-71.2
N	6107.55	2012.94	730	Sprattus_sprattus	2	51H0	865.7	0.644	35.3	12.25	1.4	20	-71.2
N	6107.55	2012.94	730	Sprattus_sprattus	2	51H0	865.7	0.644	35.3	12.75	4.2	20	-71.2
N	6107.55	2012.94	730	Sprattus_sprattus	2	51H0	865.7	0.644	35.3	13.25	9.9	20	-71.2
N	6107.55	2012.94	730	Sprattus_sprattus	2	51H0	865.7	0.644	35.3	13.75	7.1	20	-71.2
N	6107.55	2012.94	730	Sprattus_sprattus	2	51H0	865.7	0.644	35.3	14.25	9.9	20	-71.2
N	6107.55	2012.94	730	Sprattus_sprattus	2	51H0	865.7	0.644	35.3	14.75	2.8	20	-71.2
N	6138.51	1754.94	720	Clupea_harengus	1	52G7	482.6	48.7	1753.2	10.25	13	20	-71.2
N	6138.51	1754.94	720	Clupea_harengus	1	52G7	482.6	48.7	1753.2	11.75	13	20	-71.2
N	6138.51	1754.94	720	Clupea_harengus	1	52G7	482.6	48.7	1753.2	12.25	6.5	20	-71.2
N	6138.51	1754.94	720	Clupea_harengus	1	52G7	482.6	48.7	1753.2	13.25	26	20	-71.2
N	6138.51	1754.94	720	Clupea_harengus	1	52G7	482.6	48.7	1753.2	13.75	26	20	-71.2
N	6138.51	1754.94	720	Clupea_harengus	1	52G7	482.6	48.7	1753.2	14.25	58.4	20	-71.2
N	6138.51	1754.94	720	Clupea_harengus	1	52G7	482.6	48.7	1753.2	14.75	77.9	20	-71.2
N	6138.51	1754.94	720	Clupea_harengus	1	52G7	482.6	48.7	1753.2	15.25	97.4	20	-71.2
N	6138.51	1754.94	720	Clupea_harengus	1	52G7	482.6	48.7	1753.2	15.75	272.7	20	-71.2
N	6138.51	1754.94	720	Clupea_harengus	1	52G7	482.6	48.7	1753.2	16.25	285.7	20	-71.2
N	6138.51	1754.94	720	Clupea_harengus	1	52G7	482.6	48.7	1753.2	16.75	227.3	20	-71.2
N	6138.51	1754.94	720	Clupea_harengus	1	52G7	482.6	48.7	1753.2	17.25	188.3	20	-71.2
N	6138.51	1754.94	720	Clupea_harengus	1	52G7	482.6	48.7	1753.2	17.75	142.9	20	-71.2
N	6138.51	1754.94	720	Clupea_harengus	1	52G7	482.6	48.7	1753.2	18.25	71.4	20	-71.2
N	6138.51	1754.94	720	Clupea_harengus	1	52G7	482.6	48.7	1753.2	18.75	84.4	20	-71.2
N	6138.51	1754.94	720	Clupea_harengus	1	52G7	482.6	48.7	1753.2	19.25	64.9	20	-71.2
N	6138.51	1754.94	720	Clupea_harengus	1	52G7	482.6	48.7	1753.2	19.75	32.5	20	-71.2
N	6138.51	1754.94	720	Clupea_harengus	1	52G7	482.6	48.7	1753.2	20.25	13	20	-71.2
N	6138.51	1754.94	720	Clupea_harengus	1	52G7	482.6	48.7	1753.2	20.75	39	20	-71.2
N	6138.51	1754.94	720	Clupea_harengus	1	52G7	482.6	48.7	1753.2	21.25	6.5	20	-71.2
N	6138.51	1754.94	720	Clupea_harengus	1	52G7	482.6	48.7	1753.2	22.25	6.5	20	-71.2
N	6138.51	1754.94	720	Cyclopteridae	2	52G7	482.6	0.032	4	7.5	1	20	-67.5
N	6138.51	1754.94	720	Cyclopteridae	2	52G7	482.6	0.032	4	8.5	3	20	-67.5
N	6138.51	1754.94	720	Gasterosteus_aculeatus	2	52G7	482.6	3.4	1263.5	2.5	23	20	-71.2
N	6138.51	1754.94	720	Gasterosteus_aculeatus	2	52G7	482.6	3.4	1263.5	3.5	23	20	-71.2
N	6138.51	1754.94	720	Gasterosteus_aculeatus	2	52G7	482.6	3.4	1263.5	4.5	23	20	-71.2
N	6138.51	1754.94	720	Gasterosteus_aculeatus	2	52G7	482.6	3.4	1263.5	5.5	137.8	20	-71.2
N	6138.51	1754.94	720	Gasterosteus_aculeatus	2	52G7	482.6	3.4	1263.5	6.5	689.2	20	-71.2
N	6138.51	1754.94	720	Gasterosteus_aculeatus	2	52G7	482.6	3.4	1263.5	7.5	344.6	20	-71.2
N	6138.51	1754.94	720	Gasterosteus_aculeatus	2	52G7	482.6	3.4	1263.5	8.5	23	20	-71.2
N	6138.51	1754.94	720	Pungitius_pungitius	2	52G7	482.6	0.002	3	4.5	1	20	-71.2
N	6138.51	1754.94	720	Pungitius_pungitius	2	52G7	482.6	0.002	3	5.5	2	20	-71.2
N	6138.51	1754.94	720	Sprattus_sprattus	2	52G7	482.6	0.994	72	10.75	1	20	-71.2
N	6138.51	1754.94	720	Sprattus_sprattus	2	52G7	482.6	0.994	72	11.75	1	20	-71.2
N	6138.51	1754.94	720	Sprattus_sprattus	2	52G7	482.6	0.994	72	12.25	3	20	-71.2
N	6138.51	1754.94	720	Sprattus_sprattus	2	52G7	482.6	0.994	72	12.75	7	20	-71.2
N	6138.51	1754.94	720	Sprattus_sprattus	2	52G7	482.6	0.994	72	13.25	26	20	-71.2
N	6138.51	1754.94	720	Sprattus_sprattus	2	52G7	482.6	0.994	72	13.75	16	20	-71.2
N	6138.51	1754.94	720	Sprattus_sprattus	2	52G7	482.6	0.994	72	14.25	13	20	-71.2
N	6138.51	1754.94	720	Sprattus_sprattus	2	52G7	482.6	0.994	72	14.75	4	20	-71.2
N	6138.51	1754.94	720	Sprattus_sprattus	2	52G7	482.6	0.994	72	15.25	1	20	-71.2
N	6138.38	1843.69	721	Clupea_harengus	1	52G8	852	229.03	7548.6	8.75	21.4	20	-71.2
N	6138.38	1843.69	721	Clupea_harengus	1	52G8	852	229.03	7548.6	9.25	21.4	20	-71.2
N	6138.38	1843.69	721	Clupea_harengus	1	52G8	852	229.03	7548.6	14.75	85.8	20	-71.2
N	6138.38	1843.69	721	Clupea_harengus	1	52G8	852	229.03	7548.6	15.25	300.2	20	-71.2
N	6138.38	1843.69	721	Clupea_harengus	1	52G8	852	229.03	7548.6	15.75	643.3	20	-71.2
N	6138.38	1843.69	721	Clupea_harengus	1	52G8	852	229.03	7548.6	16.25	1158	20	-71.2
N	6138.38	1843.69	721	Clupea_harengus	1	52G8	852	229.03	7548.6	16.75	1586.9	20	-71.2
N	6138.38	1843.69	721	Clupea_harengus	1	52G8	852	229.03	7548.6	17.25	1372.5	20	-71.2
N	6138.38	1843.69	721	Clupea_harengus	1	52G8	852	229.03	7548.6	17.75	965	20	-71.2
N	6138.38	1843.69	721	Clupea_harengus	1	52G8	852	229.03	7548.6	18.25	514.7	20	-71.2
N	6138.38	1843.69	721	Clupea_harengus	1	52G8	852	229.03	7548.6	18.75	428.9	20	-71.2
N	6138.38	1843.69	721	Clupea_harengus	1	52G8	852	229.03	7548.6	19.25	171.6	20	-71.2
N	6138.38	1843.69	721	Clupea_harengus	1	52G8	852	229.03	7548.6	19.75	128.7	20	-71.2
N	6138.38	1843.69	721	Clupea_harengus	1	52G8	852	229.03	7548.6	20.25	21.4	20	-71.2
N	6138.38	1843.69	721	Clupea_harengus	1	52G8	852	229.03	7548.6	20.75	85.8	20	-71.2
N	6138.38	1843.69	721	Clupea_harengus	1	52G8	852	229.03	7548.6	21.25	21.4	20	-71.2
N	6138.38	1843.69	721	Clupea_harengus	1	52G8	852	229.03	7548.6	21.75	21.4	20	-71.2
N	6138.38	1843.69	721	Cyclopteridae	2	52G8	852	0.004	1	7.5	1	20	-67.5
N	6138.38	1843.69	721	Gasterosteus_aculeatus	2	52G8	852	4.611	1954.2	3.5	87.8	20	-71.2
N	6138.38	1843.69	721	Gasterosteus_aculeatus	2	52G8	852	4.611	1954.2	4.5	87.8	20	-71.2
N	6138.38	1843.69	721	Gasterosteus_aculeatus	2	52G8	852	4.611	1954.2	5.5	109.8	20	-71.2
N	6138.38	1843.69	721	Gasterosteus_aculeatus	2	52G8	852	4.611	1954.2	6.5	1251.6	20	-71.2
N	6138.38	1843.69	721	Gasterosteus_aculeatus	2	52G8	852	4.611	1954.2	7.5	395.2	20	-71.2
N	6138.38	1843.69	721	Gasterosteus_aculeatus	2	52G8	852	4.611	1954.2	8.5	22	20	-71.2
N	6138.38	1843.69	721	Lampetra_fluviatilis	2	52G8	852	0.02	1	21.5	1	20	-77.2
N	6138.38	1843.69	721	Sprattus_sprattus	2	52G8	852	0.115	7.7	12.75	3.8	20	-71.2
N	6138.38	1843.69	721	Sprattus_sprattus	2	52G8	852	0.115	7.7	13.25	3.8	20	-71.2
N	6205.81	1847.73	714	Clupea_harengus	1	53G8	838.1	224.31	7493.4	14.75	24.6	20	-71.2
N	6205.81	1847.73	714	Clupea_harengus	1	53G8	838.1	224.31	7493.4	15.25	123.2	20	-71.2
N	6205.81	1847.73	714	Clupea_harengus	1	53G8	838.1	224.31	7493.4	15.75	369.7	20	-71.2
N	6205.81	1847.73	714	Clupea_harengus	1	53G8	838.1	224.31	7493.4	16.25	1109.2	20	-71.2
N	6205.81	1847.73	714	Clupea_harengus	1	53G8	838.1	224.31	7493.4	16.75	1479	20	-71.2
N	6205.81	1847.73	714	Clupea_harengus	1	53G8	838.1	224.31	7493.4	17.25	1479	20	-71.2
N	6205.81	1847.73	714	Clupea_harengus	1	53G8	838.1	224.31	7493.4	17.75	1207.8	20	-71.2
N	6205.81	1847.73	714	Clupea_harengus	1	53G8	838.1	224.31	7493.4	18.25	838.1	20	-71.2
N	6205.81	1847.73	714	Clupea_harengus	1	53G8	838.1	224.31	7493.4	18.75	394.4	20	-71.2
N	6205.81	1847.73	714	Clupea_harengus	1	53G8	838.1	224.31	7493.4	19.25	320.4	20	-71.2
N	6205.81	1847.73	714	Clupea_harengus	1	53G8	838.1	224.31	7493.4	19.75	73.9	20	-71.2
N	6205.81	1847.73	714	Clupea_harengus	1	53G8	838.1	224.31	7493.4	20.25	49.3	20	-71.2
N	6205.81	1847.73	714	Clupea_harengus	1	53G8	838.1	224.31	7493.4	21.25	24.6	20	-71.2
N	6205.81	1847.73	714	Cyclopteridae	2	53G8	838.1	0.012	1	10.5	1	20	-67.5
N	6205.81	1847.73	714	Gasterosteus_aculeatus	2	53G8	838.1	1.325	539.8	4.5	19.6	20	-71.2
N	6205.81	1847.73	714	Gasterosteus_aculeatus	2	53G8	838.1	1.325	539.8	5.5	78.5	20	-71.2
N	6205.81	1847.73	714	Gasterosteus_aculeatus	2	53G8	838.1	1.325	539.8	6.5	294.4	20	-71.2
N	6205.81	1847.73	714	Gasterosteus_aculeatus	2	53G8	838.1	1.325	539.8	7.5	147.2	20	-71.2
N	6205.81	1847.73	714	Pungitius_pungitius	2	53G8	838.1	0.005	5	5.5	5	20	-71.2
N	6205.81	1847.73	714	Sprattus_sprattus	2	53G8	838.1	0.163	14.4	11.75	4.8	20	-71.2
N	6205.81	1847.73	714	Sprattus_sprattus	2	53G8	838.1	0.163	14.4	13.25	4.8	20	-71.2
N	6205.81	1847.73	714	Sprattus_sprattus	2	53G8	838.1	0.163	14.4	14.75	4.8	20	-71.2
N	6207.19	1938.59	715	Clupea_harengus	1	53G9	838.1	102.91	3179.9	7.25	10.3	20	-71.2
N	6207.19	1938.59	715	Clupea_harengus	1	53G9	838.1	102.91	3179.9	8.75	10.3	20	-71.2
N	6207.19	1938.59	715	Clupea_harengus	1	53G9	838.1	102.91	3179.9	9.25	10.3	20	-71.2
N	6207.19	1938.59	715	Clupea_harengus	1	53G9	838.1	102.91	3179.9	13.25	10.3	20	-71.2
N	6207.19	1938.59	715	Clupea_harengus	1	53G9	838.1	102.91	3179.9	13.75	20.6	20	-71.2
N	6207.19	1938.59	715	Clupea_harengus	1	53G9	838.1	102.91	3179.9	14.25	30.9	20	-71.2
N	6207.19	1938.59	715	Clupea_harengus	1	53G9	838.1	102.91	3179.9	14.75	82.3	20	-71.2
N	6207.19	1938.59	715	Clupea_harengus	1	53G9	838.1	102.91	3179.9	15.25	164.7	20	-71.2
N	6207.19	1938.59	715	Clupea_harengus	1	53G9	838.1	102.91	3179.9	15.75	226.4	20	-71.2
N	6207.19	1938.59	715	Clupea_harengus	1	53G9	838.1	102.91	3179.9	16.25	226.4	20	-71.2
N	6207.19	1938.59	715	Clupea_harengus	1	53G9	838.1	102.91	3179.9	16.75	277.9	20	-71.2
N	6207.19	1938.59	715	Clupea_harengus	1	53G9	838.1	102.91	3179.9	17.25	380.8	20	-71.2
N	6207.19	1938.59	715	Clupea_harengus	1	53G9	838.1	102.91	3179.9	17.75	463.1	20	-71.2
N	6207.19	1938.59	715	Clupea_harengus	1	53G9	838.1	102.91	3179.9	18.25	432.2	20	-71.2
N	6207.19	1938.59	715	Clupea_harengus	1	53G9	838.1	102.91	3179.9	18.75	236.7	20	-71.2
N	6207.19	1938.59	715	Clupea_harengus	1	53G9	838.1	102.91	3179.9	19.25	164.7	20	-71.2
N	6207.19	1938.59	715	Clupea_harengus	1	53G9	838.1	102.91	3179.9	19.75	154.4	20	-71.2
N	6207.19	1938.59	715	Clupea_harengus	1	53G9	838.1	102.91	3179.9	20.25	92.6	20	-71.2
N	6207.19	1938.59	715	Clupea_harengus	1	53G9	838.1	102.91	3179.9	20.75	102.9	20	-71.2
N	6207.19	1938.59	715	Clupea_harengus	1	53G9	838.1	102.91	3179.9	21.25	30.9	20	-71.2
N	6207.19	1938.59	715	Clupea_harengus	1	53G9	838.1	102.91	3179.9	21.75	51.5	20	-71.2
N	6207.19	1938.59	715	Gasterosteus_aculeatus	2	53G9	838.1	3.969	1819.1	3.5	27.6	20	-71.2
N	6207.19	1938.59	715	Gasterosteus_aculeatus	2	53G9	838.1	3.969	1819.1	4.5	27.6	20	-71.2
N	6207.19	1938.59	715	Gasterosteus_aculeatus	2	53G9	838.1	3.969	1819.1	5.5	137.8	20	-71.2
N	6207.19	1938.59	715	Gasterosteus_aculeatus	2	53G9	838.1	3.969	1819.1	6.5	1323	20	-71.2
N	6207.19	1938.59	715	Gasterosteus_aculeatus	2	53G9	838.1	3.969	1819.1	7.5	303.2	20	-71.2
N	6207.19	1938.59	715	Pungitius_pungitius	2	53G9	838.1	0.006	4	5.5	2	20	-71.2
N	6207.19	1938.59	715	Pungitius_pungitius	2	53G9	838.1	0.006	4	6.5	2	20	-71.2
N	6207.19	1938.59	715	Sprattus_sprattus	2	53G9	838.1	0.151	10.5	13.25	2.1	20	-71.2
N	6207.19	1938.59	715	Sprattus_sprattus	2	53G9	838.1	0.151	10.5	13.75	8.4	20	-71.2
N	6219.31	2027.37	710	Clupea_harengus	1	53H0	838.1	241.2	12189.2	8.25	64.6	20	-71.2
N	6219.31	2027.37	710	Clupea_harengus	1	53H0	838.1	241.2	12189.2	8.75	150.8	20	-71.2
N	6219.31	2027.37	710	Clupea_harengus	1	53H0	838.1	241.2	12189.2	9.25	280	20	-71.2
N	6219.31	2027.37	710	Clupea_harengus	1	53H0	838.1	241.2	12189.2	9.75	172.3	20	-71.2
N	6219.31	2027.37	710	Clupea_harengus	1	53H0	838.1	241.2	12189.2	10.25	86.1	20	-71.2
N	6219.31	2027.37	710	Clupea_harengus	1	53H0	838.1	241.2	12189.2	10.75	43.1	20	-71.2
N	6219.31	2027.37	710	Clupea_harengus	1	53H0	838.1	241.2	12189.2	11.25	21.5	20	-71.2
N	6219.31	2027.37	710	Clupea_harengus	1	53H0	838.1	241.2	12189.2	11.75	129.2	20	-71.2
N	6219.31	2027.37	710	Clupea_harengus	1	53H0	838.1	241.2	12189.2	12.25	323	20	-71.2
N	6219.31	2027.37	710	Clupea_harengus	1	53H0	838.1	241.2	12189.2	12.75	904.5	20	-71.2
N	6219.31	2027.37	710	Clupea_harengus	1	53H0	838.1	241.2	12189.2	13.25	1442.9	20	-71.2
N	6219.31	2027.37	710	Clupea_harengus	1	53H0	838.1	241.2	12189.2	13.75	883	20	-71.2
N	6219.31	2027.37	710	Clupea_harengus	1	53H0	838.1	241.2	12189.2	14.25	969.1	20	-71.2
N	6219.31	2027.37	710	Clupea_harengus	1	53H0	838.1	241.2	12189.2	14.75	753.8	20	-71.2
N	6219.31	2027.37	710	Clupea_harengus	1	53H0	838.1	241.2	12189.2	15.25	1442.9	20	-71.2
N	6219.31	2027.37	710	Clupea_harengus	1	53H0	838.1	241.2	12189.2	15.75	1012.2	20	-71.2
N	6219.31	2027.37	710	Clupea_harengus	1	53H0	838.1	241.2	12189.2	16.25	1378.3	20	-71.2
N	6219.31	2027.37	710	Clupea_harengus	1	53H0	838.1	241.2	12189.2	16.75	861.4	20	-71.2
N	6219.31	2027.37	710	Clupea_harengus	1	53H0	838.1	241.2	12189.2	17.25	624.5	20	-71.2
N	6219.31	2027.37	710	Clupea_harengus	1	53H0	838.1	241.2	12189.2	17.75	236.9	20	-71.2
N	6219.31	2027.37	710	Clupea_harengus	1	53H0	838.1	241.2	12189.2	18.25	215.4	20	-71.2
N	6219.31	2027.37	710	Clupea_harengus	1	53H0	838.1	241.2	12189.2	18.75	43.1	20	-71.2
N	6219.31	2027.37	710	Clupea_harengus	1	53H0	838.1	241.2	12189.2	19.25	64.6	20	-71.2
N	6219.31	2027.37	710	Clupea_harengus	1	53H0	838.1	241.2	12189.2	20.25	43.1	20	-71.2
N	6219.31	2027.37	710	Clupea_harengus	1	53H0	838.1	241.2	12189.2	21.25	43.1	20	-71.2
N	6219.31	2027.37	710	Cyclopteridae	2	53H0	838.1	0.016	2	8.5	1	20	-67.5
N	6219.31	2027.37	710	Cyclopteridae	2	53H0	838.1	0.016	2	9.5	1	20	-67.5
N	6219.31	2027.37	710	Gasterosteus_aculeatus	2	53H0	838.1	12.473	5645.1	3.5	161.3	20	-71.2
N	6219.31	2027.37	710	Gasterosteus_aculeatus	2	53H0	838.1	12.473	5645.1	4.5	268.8	20	-71.2
N	6219.31	2027.37	710	Gasterosteus_aculeatus	2	53H0	838.1	12.473	5645.1	5.5	1129	20	-71.2
N	6219.31	2027.37	710	Gasterosteus_aculeatus	2	53H0	838.1	12.473	5645.1	6.5	3494.6	20	-71.2
N	6219.31	2027.37	710	Gasterosteus_aculeatus	2	53H0	838.1	12.473	5645.1	7.5	591.4	20	-71.2
N	6219.31	2027.37	710	Nerophis_ophidion	2	53H0	838.1	0.006	6	8.5	6	20	-71.2
N	6219.31	2027.37	710	Pungitius_pungitius	2	53H0	838.1	0.011	5.5	5.5	5.5	20	-71.2
N	6219.31	2027.37	710	Sprattus_sprattus	2	53H0	838.1	14.52	1049.9	8.75	5.6	20	-71.2
N	6219.31	2027.37	710	Sprattus_sprattus	2	53H0	838.1	14.52	1049.9	10.25	5.6	20	-71.2
N	6219.31	2027.37	710	Sprattus_sprattus	2	53H0	838.1	14.52	1049.9	10.75	11.2	20	-71.2
N	6219.31	2027.37	710	Sprattus_sprattus	2	53H0	838.1	14.52	1049.9	11.75	16.8	20	-71.2
N	6219.31	2027.37	710	Sprattus_sprattus	2	53H0	838.1	14.52	1049.9	12.25	78.2	20	-71.2
N	6219.31	2027.37	710	Sprattus_sprattus	2	53H0	838.1	14.52	1049.9	12.75	217.8	20	-71.2
N	6219.31	2027.37	710	Sprattus_sprattus	2	53H0	838.1	14.52	1049.9	13.25	312.7	20	-71.2
N	6219.31	2027.37	710	Sprattus_sprattus	2	53H0	838.1	14.52	1049.9	13.75	251.3	20	-71.2
N	6219.31	2027.37	710	Sprattus_sprattus	2	53H0	838.1	14.52	1049.9	14.25	106.1	20	-71.2
N	6219.31	2027.37	710	Sprattus_sprattus	2	53H0	838.1	14.52	1049.9	14.75	44.7	20	-71.2
N	6240.78	1851.57	709	Clupea_harengus	1	54G8	642.2	192.73	9576.2	5.75	109.6	20	-71.2
N	6240.78	1851.57	709	Clupea_harengus	1	54G8	642.2	192.73	9576.2	6.25	241	20	-71.2
N	6240.78	1851.57	709	Clupea_harengus	1	54G8	642.2	192.73	9576.2	6.75	263	20	-71.2
N	6240.78	1851.57	709	Clupea_harengus	1	54G8	642.2	192.73	9576.2	7.25	328.7	20	-71.2
N	6240.78	1851.57	709	Clupea_harengus	1	54G8	642.2	192.73	9576.2	7.75	306.8	20	-71.2
N	6240.78	1851.57	709	Clupea_harengus	1	54G8	642.2	192.73	9576.2	8.25	701.2	20	-71.2
N	6240.78	1851.57	709	Clupea_harengus	1	54G8	642.2	192.73	9576.2	8.75	591.7	20	-71.2
N	6240.78	1851.57	709	Clupea_harengus	1	54G8	642.2	192.73	9576.2	9.25	306.8	20	-71.2
N	6240.78	1851.57	709	Clupea_harengus	1	54G8	642.2	192.73	9576.2	9.75	87.7	20	-71.2
N	6240.78	1851.57	709	Clupea_harengus	1	54G8	642.2	192.73	9576.2	11.25	43.8	20	-71.2
N	6240.78	1851.57	709	Clupea_harengus	1	54G8	642.2	192.73	9576.2	12.25	65.7	20	-71.2
N	6240.78	1851.57	709	Clupea_harengus	1	54G8	642.2	192.73	9576.2	12.75	197.2	20	-71.2
N	6240.78	1851.57	709	Clupea_harengus	1	54G8	642.2	192.73	9576.2	13.25	569.8	20	-71.2
N	6240.78	1851.57	709	Clupea_harengus	1	54G8	642.2	192.73	9576.2	13.75	460.2	20	-71.2
N	6240.78	1851.57	709	Clupea_harengus	1	54G8	642.2	192.73	9576.2	14.25	219.1	20	-71.2
N	6240.78	1851.57	709	Clupea_harengus	1	54G8	642.2	192.73	9576.2	14.75	197.2	20	-71.2
N	6240.78	1851.57	709	Clupea_harengus	1	54G8	642.2	192.73	9576.2	15.25	394.4	20	-71.2
N	6240.78	1851.57	709	Clupea_harengus	1	54G8	642.2	192.73	9576.2	15.75	372.5	20	-71.2
N	6240.78	1851.57	709	Clupea_harengus	1	54G8	642.2	192.73	9576.2	16.25	701.2	20	-71.2
N	6240.78	1851.57	709	Clupea_harengus	1	54G8	642.2	192.73	9576.2	16.75	482.1	20	-71.2
N	6240.78	1851.57	709	Clupea_harengus	1	54G8	642.2	192.73	9576.2	17.25	525.9	20	-71.2
N	6240.78	1851.57	709	Clupea_harengus	1	54G8	642.2	192.73	9576.2	17.75	657.4	20	-71.2
N	6240.78	1851.57	709	Clupea_harengus	1	54G8	642.2	192.73	9576.2	18.25	657.4	20	-71.2
N	6240.78	1851.57	709	Clupea_harengus	1	54G8	642.2	192.73	9576.2	18.75	263	20	-71.2
N	6240.78	1851.57	709	Clupea_harengus	1	54G8	642.2	192.73	9576.2	19.25	241	20	-71.2
N	6240.78	1851.57	709	Clupea_harengus	1	54G8	642.2	192.73	9576.2	19.75	131.5	20	-71.2
N	6240.78	1851.57	709	Clupea_harengus	1	54G8	642.2	192.73	9576.2	20.25	153.4	20	-71.2
N	6240.78	1851.57	709	Clupea_harengus	1	54G8	642.2	192.73	9576.2	20.75	109.6	20	-71.2
N	6240.78	1851.57	709	Clupea_harengus	1	54G8	642.2	192.73	9576.2	21.25	43.8	20	-71.2
N	6240.78	1851.57	709	Clupea_harengus	1	54G8	642.2	192.73	9576.2	21.75	65.7	20	-71.2
N	6240.78	1851.57	709	Clupea_harengus	1	54G8	642.2	192.73	9576.2	22.25	43.8	20	-71.2
N	6240.78	1851.57	709	Clupea_harengus	1	54G8	642.2	192.73	9576.2	22.75	21.9	20	-71.2
N	6240.78	1851.57	709	Clupea_harengus	1	54G8	642.2	192.73	9576.2	23.25	21.9	20	-71.2
N	6240.78	1851.57	709	Cyclopteridae	2	54G8	642.2	0.03	2	10.5	2	20	-67.5
N	6240.78	1851.57	709	Gasterosteus_aculeatus	2	54G8	642.2	2.736	1341.2	2.5	40.2	20	-71.2
N	6240.78	1851.57	709	Gasterosteus_aculeatus	2	54G8	642.2	2.736	1341.2	3.5	160.9	20	-71.2
N	6240.78	1851.57	709	Gasterosteus_aculeatus	2	54G8	642.2	2.736	1341.2	4.5	53.6	20	-71.2
N	6240.78	1851.57	709	Gasterosteus_aculeatus	2	54G8	642.2	2.736	1341.2	5.5	147.5	20	-71.2
N	6240.78	1851.57	709	Gasterosteus_aculeatus	2	54G8	642.2	2.736	1341.2	6.5	697.4	20	-71.2
N	6240.78	1851.57	709	Gasterosteus_aculeatus	2	54G8	642.2	2.736	1341.2	7.5	241.4	20	-71.2
N	6240.78	1851.57	709	Nerophis_ophidion	2	54G8	642.2	0.012	30	10.5	6	20	-71.2
N	6240.78	1851.57	709	Nerophis_ophidion	2	54G8	642.2	0.012	30	11.5	6	20	-71.2
N	6240.78	1851.57	709	Nerophis_ophidion	2	54G8	642.2	0.012	30	12.5	6	20	-71.2
N	6240.78	1851.57	709	Nerophis_ophidion	2	54G8	642.2	0.012	30	13.5	6	20	-71.2
N	6240.78	1851.57	709	Nerophis_ophidion	2	54G8	642.2	0.012	30	14.5	6	20	-71.2
N	6240.78	1851.57	709	Pungitius_pungitius	2	54G8	642.2	0.012	12	4.5	6	20	-71.2
N	6240.78	1851.57	709	Pungitius_pungitius	2	54G8	642.2	0.012	12	5.5	6	20	-71.2
N	6240.78	1851.57	709	Salmo_salar	2	54G8	642.2	0.168	1	27.5	1	20	-71.2
N	6240.78	1851.57	709	Sprattus_sprattus	2	54G8	642.2	40.18	2733	11.25	111.9	20	-71.2
N	6240.78	1851.57	709	Sprattus_sprattus	2	54G8	642.2	40.18	2733	11.75	143.8	20	-71.2
N	6240.78	1851.57	709	Sprattus_sprattus	2	54G8	642.2	40.18	2733	12.25	239.7	20	-71.2
N	6240.78	1851.57	709	Sprattus_sprattus	2	54G8	642.2	40.18	2733	12.75	479.5	20	-71.2
N	6240.78	1851.57	709	Sprattus_sprattus	2	54G8	642.2	40.18	2733	13.25	831.1	20	-71.2
N	6240.78	1851.57	709	Sprattus_sprattus	2	54G8	642.2	40.18	2733	13.75	511.4	20	-71.2
N	6240.78	1851.57	709	Sprattus_sprattus	2	54G8	642.2	40.18	2733	14.25	303.7	20	-71.2
N	6240.78	1851.57	709	Sprattus_sprattus	2	54G8	642.2	40.18	2733	14.75	111.9	20	-71.2
N	6254.09	1903.5	705	Clupea_harengus	1	54G9	824.2	236.95	8610.6	7.75	21.2	20	-71.2
N	6254.09	1903.5	705	Clupea_harengus	1	54G9	824.2	236.95	8610.6	8.25	21.2	20	-71.2
N	6254.09	1903.5	705	Clupea_harengus	1	54G9	824.2	236.95	8610.6	8.75	21.2	20	-71.2
N	6254.09	1903.5	705	Clupea_harengus	1	54G9	824.2	236.95	8610.6	13.25	84.6	20	-71.2
N	6254.09	1903.5	705	Clupea_harengus	1	54G9	824.2	236.95	8610.6	13.75	148.1	20	-71.2
N	6254.09	1903.5	705	Clupea_harengus	1	54G9	824.2	236.95	8610.6	14.25	63.5	20	-71.2
N	6254.09	1903.5	705	Clupea_harengus	1	54G9	824.2	236.95	8610.6	14.75	317.3	20	-71.2
N	6254.09	1903.5	705	Clupea_harengus	1	54G9	824.2	236.95	8610.6	15.25	888.6	20	-71.2
N	6254.09	1903.5	705	Clupea_harengus	1	54G9	824.2	236.95	8610.6	15.75	867.4	20	-71.2
N	6254.09	1903.5	705	Clupea_harengus	1	54G9	824.2	236.95	8610.6	16.25	1629	20	-71.2
N	6254.09	1903.5	705	Clupea_harengus	1	54G9	824.2	236.95	8610.6	16.75	952	20	-71.2
N	6254.09	1903.5	705	Clupea_harengus	1	54G9	824.2	236.95	8610.6	17.25	1184.8	20	-71.2
N	6254.09	1903.5	705	Clupea_harengus	1	54G9	824.2	236.95	8610.6	17.75	930.9	20	-71.2
N	6254.09	1903.5	705	Clupea_harengus	1	54G9	824.2	236.95	8610.6	18.25	613.5	20	-71.2
N	6254.09	1903.5	705	Clupea_harengus	1	54G9	824.2	236.95	8610.6	18.75	444.3	20	-71.2
N	6254.09	1903.5	705	Clupea_harengus	1	54G9	824.2	236.95	8610.6	19.25	169.3	20	-71.2
N	6254.09	1903.5	705	Clupea_harengus	1	54G9	824.2	236.95	8610.6	19.75	126.9	20	-71.2
N	6254.09	1903.5	705	Clupea_harengus	1	54G9	824.2	236.95	8610.6	20.75	42.3	20	-71.2
N	6254.09	1903.5	705	Clupea_harengus	1	54G9	824.2	236.95	8610.6	21.25	42.3	20	-71.2
N	6254.09	1903.5	705	Clupea_harengus	1	54G9	824.2	236.95	8610.6	21.75	21.2	20	-71.2
N	6254.09	1903.5	705	Clupea_harengus	1	54G9	824.2	236.95	8610.6	23.25	21.2	20	-71.2
N	6254.09	1903.5	705	Cyclopteridae	2	54G9	824.2	0.102	6	9.5	2	20	-67.5
N	6254.09	1903.5	705	Cyclopteridae	2	54G9	824.2	0.102	6	10.5	2	20	-67.5
N	6254.09	1903.5	705	Cyclopteridae	2	54G9	824.2	0.102	6	11.5	2	20	-67.5
N	6254.09	1903.5	705	Gasterosteus_aculeatus	2	54G9	824.2	2.79	1174.2	3.5	30.1	20	-71.2
N	6254.09	1903.5	705	Gasterosteus_aculeatus	2	54G9	824.2	2.79	1174.2	4.5	20.1	20	-71.2
N	6254.09	1903.5	705	Gasterosteus_aculeatus	2	54G9	824.2	2.79	1174.2	5.5	70.3	20	-71.2
N	6254.09	1903.5	705	Gasterosteus_aculeatus	2	54G9	824.2	2.79	1174.2	6.5	762.7	20	-71.2
N	6254.09	1903.5	705	Gasterosteus_aculeatus	2	54G9	824.2	2.79	1174.2	7.5	281	20	-71.2
N	6254.09	1903.5	705	Gasterosteus_aculeatus	2	54G9	824.2	2.79	1174.2	8.5	10	20	-71.2
N	6254.09	1903.5	705	Sprattus_sprattus	2	54G9	824.2	0.97	52.7	12.25	5.3	20	-71.2
N	6254.09	1903.5	705	Sprattus_sprattus	2	54G9	824.2	0.97	52.7	12.75	15.8	20	-71.2
N	6254.09	1903.5	705	Sprattus_sprattus	2	54G9	824.2	0.97	52.7	13.25	10.5	20	-71.2
N	6254.09	1903.5	705	Sprattus_sprattus	2	54G9	824.2	0.97	52.7	13.75	10.5	20	-71.2
N	6254.09	1903.5	705	Sprattus_sprattus	2	54G9	824.2	0.97	52.7	14.25	5.3	20	-71.2
N	6254.09	1903.5	705	Sprattus_sprattus	2	54G9	824.2	0.97	52.7	14.75	5.3	20	-71.2
N	6305.73	1941.1	706	Clupea_harengus	1	55G9	625.6	97.32	3226.9	8.75	12.8	20	-71.2
N	6305.73	1941.1	706	Clupea_harengus	1	55G9	625.6	97.32	3226.9	14.25	25.6	20	-71.2
N	6305.73	1941.1	706	Clupea_harengus	1	55G9	625.6	97.32	3226.9	14.75	25.6	20	-71.2
N	6305.73	1941.1	706	Clupea_harengus	1	55G9	625.6	97.32	3226.9	15.25	64	20	-71.2
N	6305.73	1941.1	706	Clupea_harengus	1	55G9	625.6	97.32	3226.9	15.75	192.1	20	-71.2
N	6305.73	1941.1	706	Clupea_harengus	1	55G9	625.6	97.32	3226.9	16.25	332.9	20	-71.2
N	6305.73	1941.1	706	Clupea_harengus	1	55G9	625.6	97.32	3226.9	16.75	473.8	20	-71.2
N	6305.73	1941.1	706	Clupea_harengus	1	55G9	625.6	97.32	3226.9	17.25	704.3	20	-71.2
N	6305.73	1941.1	706	Clupea_harengus	1	55G9	625.6	97.32	3226.9	17.75	461	20	-71.2
N	6305.73	1941.1	706	Clupea_harengus	1	55G9	625.6	97.32	3226.9	18.25	332.9	20	-71.2
N	6305.73	1941.1	706	Clupea_harengus	1	55G9	625.6	97.32	3226.9	18.75	268.9	20	-71.2
N	6305.73	1941.1	706	Clupea_harengus	1	55G9	625.6	97.32	3226.9	19.25	166.5	20	-71.2
N	6305.73	1941.1	706	Clupea_harengus	1	55G9	625.6	97.32	3226.9	19.75	89.6	20	-71.2
N	6305.73	1941.1	706	Clupea_harengus	1	55G9	625.6	97.32	3226.9	20.25	25.6	20	-71.2
N	6305.73	1941.1	706	Clupea_harengus	1	55G9	625.6	97.32	3226.9	20.75	25.6	20	-71.2
N	6305.73	1941.1	706	Clupea_harengus	1	55G9	625.6	97.32	3226.9	21.25	12.8	20	-71.2
N	6305.73	1941.1	706	Clupea_harengus	1	55G9	625.6	97.32	3226.9	21.75	12.8	20	-71.2
N	6305.73	1941.1	706	Cyclopteridae	2	55G9	625.6	0.016	1	10.5	1	20	-67.5
N	6305.73	1941.1	706	Gasterosteus_aculeatus	2	55G9	625.6	2.62	1136.6	3.5	77.1	20	-71.2
N	6305.73	1941.1	706	Gasterosteus_aculeatus	2	55G9	625.6	2.62	1136.6	4.5	19.3	20	-71.2
N	6305.73	1941.1	706	Gasterosteus_aculeatus	2	55G9	625.6	2.62	1136.6	5.5	134.9	20	-71.2
N	6305.73	1941.1	706	Gasterosteus_aculeatus	2	55G9	625.6	2.62	1136.6	6.5	712.8	20	-71.2
N	6305.73	1941.1	706	Gasterosteus_aculeatus	2	55G9	625.6	2.62	1136.6	7.5	192.6	20	-71.2
N	6305.73	1941.1	706	Pungitius_pungitius	2	55G9	625.6	0.009	6.7	5.5	6.7	20	-71.2
N	6121.88	1809.22	999	Clupea_harengus	1	50G7	863.7	169.62	6061.1	12.75	22.6	20	-71.2
N	6121.88	1809.22	999	Clupea_harengus	1	50G7	863.7	169.62	6061.1	13.75	135.7	20	-71.2
N	6121.88	1809.22	999	Clupea_harengus	1	50G7	863.7	169.62	6061.1	14.25	113.1	20	-71.2
N	6121.88	1809.22	999	Clupea_harengus	1	50G7	863.7	169.62	6061.1	14.75	90.5	20	-71.2
N	6121.88	1809.22	999	Clupea_harengus	1	50G7	863.7	169.62	6061.1	15.25	565.4	20	-71.2
N	6121.88	1809.22	999	Clupea_harengus	1	50G7	863.7	169.62	6061.1	15.75	678.5	20	-71.2
N	6121.88	1809.22	999	Clupea_harengus	1	50G7	863.7	169.62	6061.1	16.25	1040.3	20	-71.2
N	6121.88	1809.22	999	Clupea_harengus	1	50G7	863.7	169.62	6061.1	16.75	1017.7	20	-71.2
N	6121.88	1809.22	999	Clupea_harengus	1	50G7	863.7	169.62	6061.1	17.25	723.7	20	-71.2
N	6121.88	1809.22	999	Clupea_harengus	1	50G7	863.7	169.62	6061.1	17.75	474.9	20	-71.2
N	6121.88	1809.22	999	Clupea_harengus	1	50G7	863.7	169.62	6061.1	18.25	542.8	20	-71.2
N	6121.88	1809.22	999	Clupea_harengus	1	50G7	863.7	169.62	6061.1	18.75	294	20	-71.2
N	6121.88	1809.22	999	Clupea_harengus	1	50G7	863.7	169.62	6061.1	19.25	180.9	20	-71.2
N	6121.88	1809.22	999	Clupea_harengus	1	50G7	863.7	169.62	6061.1	19.75	90.5	20	-71.2
N	6121.88	1809.22	999	Clupea_harengus	1	50G7	863.7	169.62	6061.1	20.25	22.6	20	-71.2
N	6121.88	1809.22	999	Clupea_harengus	1	50G7	863.7	169.62	6061.1	20.75	22.6	20	-71.2
N	6121.88	1809.22	999	Clupea_harengus	1	50G7	863.7	169.62	6061.1	21.25	45.2	20	-71.2
N	6121.88	1809.22	999	Gasterosteus_aculeatus	2	50G7	863.7	2.201	943.3	3.5	78.6	20	-71.2
N	6121.88	1809.22	999	Gasterosteus_aculeatus	2	50G7	863.7	2.201	943.3	4.5	31.4	20	-71.2
N	6121.88	1809.22	999	Gasterosteus_aculeatus	2	50G7	863.7	2.201	943.3	5.5	62.9	20	-71.2
N	6121.88	1809.22	999	Gasterosteus_aculeatus	2	50G7	863.7	2.201	943.3	6.5	644.6	20	-71.2
N	6121.88	1809.22	999	Gasterosteus_aculeatus	2	50G7	863.7	2.201	943.3	7.5	125.8	20	-71.2
N	6121.88	1809.22	999	Sprattus_sprattus	2	50G7	863.7	0.81	57.4	12.25	3	20	-71.2
N	6121.88	1809.22	999	Sprattus_sprattus	2	50G7	863.7	0.81	57.4	12.75	18.1	20	-71.2
N	6121.88	1809.22	999	Sprattus_sprattus	2	50G7	863.7	0.81	57.4	13.25	12.1	20	-71.2
N	6121.88	1809.22	999	Sprattus_sprattus	2	50G7	863.7	0.81	57.4	13.75	12.1	20	-71.2
N	6121.88	1809.22	999	Sprattus_sprattus	2	50G7	863.7	0.81	57.4	14.25	12.1	20	-71.2
N	6044.05	1844.83	999	Clupea_harengus	1	50G7	833.4	224.58	9207.8	8.75	32.1	20	-71.2
N	6044.05	1844.83	999	Clupea_harengus	1	50G7	833.4	224.58	9207.8	9.25	96.2	20	-71.2
N	6044.05	1844.83	999	Clupea_harengus	1	50G7	833.4	224.58	9207.8	12.75	32.1	20	-71.2
N	6044.05	1844.83	999	Clupea_harengus	1	50G7	833.4	224.58	9207.8	13.25	96.2	20	-71.2
N	6044.05	1844.83	999	Clupea_harengus	1	50G7	833.4	224.58	9207.8	13.75	449.2	20	-71.2
N	6044.05	1844.83	999	Clupea_harengus	1	50G7	833.4	224.58	9207.8	14.25	609.6	20	-71.2
N	6044.05	1844.83	999	Clupea_harengus	1	50G7	833.4	224.58	9207.8	14.75	770	20	-71.2
N	6044.05	1844.83	999	Clupea_harengus	1	50G7	833.4	224.58	9207.8	15.25	1122.9	20	-71.2
N	6044.05	1844.83	999	Clupea_harengus	1	50G7	833.4	224.58	9207.8	15.75	1315.4	20	-71.2
N	6044.05	1844.83	999	Clupea_harengus	1	50G7	833.4	224.58	9207.8	16.25	1732.5	20	-71.2
N	6044.05	1844.83	999	Clupea_harengus	1	50G7	833.4	224.58	9207.8	16.75	1155	20	-71.2
N	6044.05	1844.83	999	Clupea_harengus	1	50G7	833.4	224.58	9207.8	17.25	545.4	20	-71.2
N	6044.05	1844.83	999	Clupea_harengus	1	50G7	833.4	224.58	9207.8	17.75	481.2	20	-71.2
N	6044.05	1844.83	999	Clupea_harengus	1	50G7	833.4	224.58	9207.8	18.25	417.1	20	-71.2
N	6044.05	1844.83	999	Clupea_harengus	1	50G7	833.4	224.58	9207.8	18.75	128.3	20	-71.2
N	6044.05	1844.83	999	Clupea_harengus	1	50G7	833.4	224.58	9207.8	19.25	128.3	20	-71.2
N	6044.05	1844.83	999	Clupea_harengus	1	50G7	833.4	224.58	9207.8	19.75	32.1	20	-71.2
N	6044.05	1844.83	999	Clupea_harengus	1	50G7	833.4	224.58	9207.8	20.25	32.1	20	-71.2
N	6044.05	1844.83	999	Clupea_harengus	1	50G7	833.4	224.58	9207.8	20.75	32.1	20	-71.2
N	6044.05	1844.83	999	Gasterosteus_aculeatus	2	50G7	833.4	10.15	4717.6	4.5	143	20	-71.2
N	6044.05	1844.83	999	Gasterosteus_aculeatus	2	50G7	833.4	10.15	4717.6	5.5	714.8	20	-71.2
N	6044.05	1844.83	999	Gasterosteus_aculeatus	2	50G7	833.4	10.15	4717.6	6.5	3288	20	-71.2
N	6044.05	1844.83	999	Gasterosteus_aculeatus	2	50G7	833.4	10.15	4717.6	7.5	571.8	20	-71.2
N	6044.05	1844.83	999	Sprattus_sprattus	2	50G7	833.4	1.57	117.2	8.25	3.9	20	-71.2
N	6044.05	1844.83	999	Sprattus_sprattus	2	50G7	833.4	1.57	117.2	12.25	15.6	20	-71.2
N	6044.05	1844.83	999	Sprattus_sprattus	2	50G7	833.4	1.57	117.2	12.75	19.5	20	-71.2
N	6044.05	1844.83	999	Sprattus_sprattus	2	50G7	833.4	1.57	117.2	13.25	23.4	20	-71.2
N	6044.05	1844.83	999	Sprattus_sprattus	2	50G7	833.4	1.57	117.2	13.75	27.3	20	-71.2
N	6044.05	1844.83	999	Sprattus_sprattus	2	50G7	833.4	1.57	117.2	14.25	23.4	20	-71.2
N	6044.05	1844.83	999	Sprattus_sprattus	2	50G7	833.4	1.57	117.2	14.75	3.9	20	-71.2
N	6044.05	1844.83	999	Zoarces_viviparus	2	50G7	833.4	0.012	1	16.5	1	20	-67.5
